%YAML:1.0
---
scan_line: [ 1.57500000e+01, 0., -5.09820986e+00, 1.58000002e+01, 0.,
    -5.05436993e+00, 1.58999996e+01, 0., -4.82177019e+00, 1.59499998e+01,
    0., -4.67081022e+00, 16., 0., -4.51984978e+00, 1.61000004e+01, 0.,
    -4.23280001e+00, 1.61499996e+01, 0., -4.15199995e+00, 1.62000008e+01,
    0., -4.04425001e+00, 1.62500000e+01, 0., -3.93660998e+00,
    1.62999992e+01, 0., -3.82896996e+00, 1.63500004e+01, 0.,
    -3.69300008e+00, 1.63999996e+01, 0., -3.57996011e+00, 1.64500008e+01,
    0., -3.46691990e+00, 1.65000000e+01, 0., -3.35387993e+00,
    1.65499992e+01, 0., -3.21434999e+00, 1.66000004e+01, 0.,
    -3.10311007e+00, 1.66499996e+01, 0., -2.99186993e+00, 1.67000008e+01,
    0., -2.85650992e+00, 1.67500000e+01, 0., -2.74903011e+00,
    1.67999992e+01, 0., -2.61689997e+00, 1.68500004e+01, 0.,
    -2.51866007e+00, 1.68999996e+01, 0., -2.42041993e+00, 1.69500008e+01,
    0., -2.30043006e+00, 17., 0., -2.20782995e+00, 1.70499992e+01, 0.,
    -2.11523008e+00, 1.71000004e+01, 0., -1.99843001e+00, 1.71499996e+01,
    0., -1.90446997e+00, 1.72000008e+01, 0., -1.78701997e+00,
    1.72500000e+01, 0., -1.69333994e+00, 1.72999992e+01, 0.,
    -1.59966004e+00, 1.73500004e+01, 0., -1.48196006e+00, 1.73999996e+01,
    0., -1.38712001e+00, 1.74500008e+01, 0., -1.29227996e+00,
    1.75000000e+01, 0., -1.17464995e+00, 1.75499992e+01, 0.,
    -1.08116996e+00, 1.76000004e+01, 0., -9.64330018e-01, 1.76499996e+01,
    0., -8.71050000e-01, 1.77000008e+01, 0., -7.77769983e-01,
    1.77500000e+01, 0., -6.45889997e-01, 1.77999992e+01, 0.,
    -5.32329977e-01, 1.78500004e+01, 0., -4.18769985e-01, 1.78999996e+01,
    0., -3.22739989e-01, 1.79500008e+01, 0., -2.70460010e-01, 18., 0.,
    -1.80669993e-01, 1.80499992e+01, 0., -7.95900002e-02, 1.81000004e+01,
    0., 2.14900002e-02, 1.81499996e+01, 0., 7.84899965e-02,
    1.82000008e+01, 0., 1.10169999e-01, 1.82500000e+01, 0.,
    2.33089998e-01, 1.82999992e+01, 0., 3.48089993e-01, 1.83500004e+01,
    0., 4.63090003e-01, 1.83999996e+01, 0., 5.56089997e-01,
    1.84500008e+01, 0., 6.20329976e-01, 1.85000000e+01, 0.,
    7.28269994e-01, 1.85499992e+01, 0., 8.20110023e-01, 1.86000004e+01,
    0., 9.24250007e-01, 1.86499996e+01, 0., 9.94729996e-01,
    1.87000008e+01, 0., 1.08809996e+00, 1.87500000e+01, 0.,
    1.17962003e+00, 1.87999992e+01, 0., 1.27113998e+00, 1.88500004e+01,
    0., 1.35607004e+00, 1.88999996e+01, 0., 1.40822995e+00,
    1.89500008e+01, 0., 1.48388004e+00, 19., 0., 1.54988003e+00,
    1.90499992e+01, 0., 1.63633001e+00, 1.91000004e+01, 0.,
    1.71020997e+00, 1.91499996e+01, 0., 1.80165994e+00, 1.92000008e+01,
    0., 1.87173998e+00, 1.92500000e+01, 0., 1.94182003e+00,
    1.92999992e+01, 0., 2.03204012e+00, 1.93500004e+01, 0.,
    2.10468006e+00, 1.93999996e+01, 0., 2.19270992e+00, 1.94500008e+01,
    0., 2.26154995e+00, 1.95000000e+01, 0., 2.34973001e+00,
    1.95499992e+01, 0., 2.42265010e+00, 1.96000004e+01, 0.,
    2.50694990e+00, 1.96499996e+01, 0., 2.56614995e+00, 1.97000008e+01,
    0., 2.64257002e+00, 1.97500000e+01, 0., 2.71121001e+00,
    1.97999992e+01, 0., 2.77985001e+00, 1.98500004e+01, 0.,
    2.87038994e+00, 1.98999996e+01, 0., 2.94371009e+00, 1.99500008e+01,
    0., 3.04186010e+00, 20., 0., 3.12382007e+00, 2.00499992e+01, 0.,
    3.20513010e+00, 2.01000004e+01, 0., 3.25885010e+00, 2.01499996e+01,
    0., 3.32606006e+00, 2.02000008e+01, 0., 3.37985992e+00,
    2.02500000e+01, 0., 3.45679998e+00, 2.02999992e+01, 0.,
    3.52983999e+00, 2.03500004e+01, 0., 3.61593008e+00, 2.03999996e+01,
    0., 3.67845011e+00, 2.04500008e+01, 0., 3.75852990e+00,
    2.05000000e+01, 0., 3.82853007e+00, 2.05499992e+01, 0.,
    3.91284990e+00, 2.06000004e+01, 0., 3.97001004e+00, 2.06499996e+01,
    0., 4.02717018e+00, 2.07000008e+01, 0., 4.09987020e+00,
    2.07500000e+01, 0., 4.17186022e+00, 2.07999992e+01, 0.,
    4.22633982e+00, 2.08500004e+01, 0., 4.28081989e+00, 2.08999996e+01,
    0., 4.35612011e+00, 2.09500008e+01, 0., 4.41775990e+00, 21., 0.,
    4.49420977e+00, 2.10499992e+01, 0., 4.55521011e+00, 2.11000004e+01,
    0., 4.62271976e+00, 2.11499996e+01, 0., 4.67496014e+00,
    2.12000008e+01, 0., 4.74254990e+00, 2.12500000e+01, 0.,
    4.79702997e+00, 2.12999992e+01, 0., 4.87434006e+00, 2.13500004e+01,
    0., 4.93798018e+00, 2.13999996e+01, 0., 5.01574993e+00,
    2.14500008e+01, 0., 5.07754993e+00, 2.15000000e+01, 0.,
    5.15191984e+00, 2.15499992e+01, 0., 5.21076012e+00, 2.16000004e+01,
    0., 5.27120018e+00, 2.16499996e+01, 0., 5.31688023e+00,
    2.17000008e+01, 0., 5.38017988e+00, 2.17500000e+01, 0.,
    5.43202019e+00, 2.17999992e+01, 0., 5.50457001e+00, 2.18500004e+01,
    0., 5.57729006e+00, 2.18999996e+01, 0., 5.62976980e+00,
    2.19500008e+01, 0., 5.69609022e+00, 22., 0., 5.75124979e+00,
    2.20499992e+01, 0., 5.81979990e+00, 2.21000004e+01, 0.,
    5.87319994e+00, 2.21499996e+01, 0., 5.94095993e+00, 2.22000008e+01,
    0., 5.99832010e+00, 2.22500000e+01, 0., 6.06738997e+00,
    2.22999992e+01, 0., 6.11394978e+00, 2.23500004e+01, 0.,
    6.17492008e+00, 2.23999996e+01, 0., 6.23227978e+00, 2.24500008e+01,
    0., 6.29997015e+00, 2.25000000e+01, 0., 6.34920979e+00,
    2.25499992e+01, 0., 6.41171980e+00, 2.26000004e+01, 0.,
    6.46275997e+00, 2.26499996e+01, 0., 6.52555990e+00, 2.27000008e+01,
    0., 6.57448006e+00, 2.27500000e+01, 0., 6.63581991e+00,
    2.27999992e+01, 0., 6.68497992e+00, 2.28500004e+01, 0.,
    6.74822998e+00, 2.28999996e+01, 0., 6.79974985e+00, 2.29500008e+01,
    0., 6.86399984e+00, 23., 0., 6.91535997e+00, 2.30499992e+01, 0.,
    6.97789001e+00, 2.31000004e+01, 0., 7.02753019e+00, 2.31499996e+01,
    0., 7.08682013e+00, 2.32000008e+01, 0., 7.14544010e+00,
    2.32500000e+01, 0., 7.19216013e+00, 2.32999992e+01, 0.,
    7.25011015e+00, 2.33500004e+01, 0., 7.29499006e+00, 2.33999996e+01,
    0., 7.34978008e+00, 2.34500008e+01, 0., 7.39190006e+00,
    2.35000000e+01, 0., 7.44972992e+00, 2.35499992e+01, 0.,
    7.50221014e+00, 2.36000004e+01, 0., 7.56255007e+00, 2.36499996e+01,
    0., 7.60798979e+00, 2.37000008e+01, 0., 7.66369009e+00,
    2.37500000e+01, 0., 7.70801020e+00, 2.37999992e+01, 0.,
    7.76451015e+00, 2.38500004e+01, 0., 7.82212019e+00, 2.38999996e+01,
    0., 7.87096024e+00, 2.39500008e+01, 0., 7.93054008e+00, 24., 0.,
    7.97334003e+00, 2.40499992e+01, 0., 8.02974987e+00, 2.41000004e+01,
    0., 8.07822990e+00, 2.41499996e+01, 0., 8.13269043e+00,
    2.42000008e+01, 0., 8.17296982e+00, 2.42500000e+01, 0.,
    8.22801018e+00, 2.42999992e+01, 0., 8.27449036e+00, 2.43500004e+01,
    0., 8.33331013e+00, 2.43999996e+01, 0., 8.38965988e+00,
    2.44500008e+01, 0., 8.42638016e+00, 2.45000000e+01, 0.,
    8.47443008e+00, 2.45499992e+01, 0., 8.51959038e+00, 2.46000004e+01,
    0., 8.57600975e+00, 2.46499996e+01, 0., 8.62104988e+00,
    2.47000008e+01, 0., 8.67453957e+00, 2.47500000e+01, 0.,
    8.71574020e+00, 2.47999992e+01, 0., 8.76877022e+00, 2.48500004e+01,
    0., 8.81192970e+00, 2.48999996e+01, 0., 8.86773014e+00,
    2.49500008e+01, 0., 8.92319965e+00, 25., 0., 8.96504021e+00,
    2.50499992e+01, 0., 9.01698017e+00, 2.51000004e+01, 0.,
    9.05809975e+00, 2.51499996e+01, 0., 9.10781956e+00, 2.52000008e+01,
    0., 9.14661980e+00, 2.52500000e+01, 0., 9.19355965e+00,
    2.52999992e+01, 0., 9.23019981e+00, 2.53500004e+01, 0.,
    9.27925968e+00, 2.53999996e+01, 0., 9.32999039e+00, 2.54500008e+01,
    0., 9.37355042e+00, 2.55000000e+01, 0., 9.42650986e+00,
    2.55499992e+01, 0., 9.46695042e+00, 2.56000004e+01, 0.,
    9.51463985e+00, 2.56499996e+01, 0., 9.55123997e+00, 2.57000008e+01,
    0., 9.60208035e+00, 2.57500000e+01, 0., 9.65342045e+00,
    2.57999992e+01, 0., 9.69186020e+00, 2.58500004e+01, 0.,
    9.73968983e+00, 2.58999996e+01, 0., 9.77756977e+00, 2.59500008e+01,
    0., 9.82015038e+00, 26., 0., 9.85163021e+00, 2.60499992e+01, 0.,
    9.90431023e+00, 2.61000004e+01, 0., 9.95903015e+00, 2.61499996e+01,
    0., 9.99866962e+00, 2.62000008e+01, 0., 1.00482903e+01,
    2.62500000e+01, 0., 1.00879698e+01, 2.62999992e+01, 0.,
