%YAML:1.0
---
scan_line: [ 4.72500000e+01, 0., -2.33779602e+01, 4.72999992e+01, 0.,
    -2.33671608e+01, 4.73499985e+01, 0., -2.33558006e+01, 4.74000015e+01,
    0., -2.33479195e+01, 4.74500008e+01, 0., -2.33479195e+01,
    4.75000000e+01, 0., -2.33471794e+01, 4.75499992e+01, 0.,
    -2.33456993e+01, 4.75999985e+01, 0., -2.33748207e+01, 4.76500015e+01,
    0., -2.34104805e+01, 4.77000008e+01, 0., -2.33937607e+01,
    4.77500000e+01, 0., -2.33795795e+01, 4.77999992e+01, 0.,
    -2.33719006e+01, 4.78499985e+01, 0., -2.33607693e+01, 4.79000015e+01,
    0., -2.33491192e+01, 4.79500008e+01, 0., -2.33394794e+01, 48., 0.,
    -2.33243103e+01, 4.80499992e+01, 0., -2.33105507e+01, 4.80999985e+01,
    0., -2.32877998e+01, 4.81500015e+01, 0., -2.32544193e+01,
    4.82000008e+01, 0., -2.31980991e+01, 4.82500000e+01, 0.,
    -2.31245995e+01, 4.82999992e+01, 0., -2.30559597e+01, 4.83499985e+01,
    0., -2.29705791e+01, 4.84000015e+01, 0., -2.29027805e+01,
    4.84500008e+01, 0., -2.28173008e+01, 4.85000000e+01, 0.,
    -2.27481804e+01, 4.85499992e+01, 0., -2.26600800e+01, 4.85999985e+01,
    0., -2.25876808e+01, 4.86500015e+01, 0., -2.25048409e+01,
    4.87000008e+01, 0., -2.24426804e+01, 4.87500000e+01, 0.,
    -2.23614006e+01, 4.87999992e+01, 0., -2.22945194e+01, 4.88499985e+01,
    0., -2.22139301e+01, 4.89000015e+01, 0., -2.21511707e+01,
    4.89500008e+01, 0., -2.20691509e+01, 49., 0., -2.20016308e+01,
    4.90499992e+01, 0., -2.19261208e+01, 4.90999985e+01, 0.,
    -2.18675594e+01, 4.91500015e+01, 0., -2.17885609e+01, 4.92000008e+01,
    0., -2.17104397e+01, 4.92500000e+01, 0., -2.16553192e+01,
    4.92999992e+01, 0., -2.15852394e+01, 4.93499985e+01, 0.,
    -2.15256004e+01, 4.94000015e+01, 0., -2.14523506e+01, 4.94500008e+01,
    0., -2.13953094e+01, 4.95000000e+01, 0., -2.13222904e+01,
    4.95499992e+01, 0., -2.12619705e+01, 4.95999985e+01, 0.,
    -2.11910305e+01, 4.96500015e+01, 0., -2.11367493e+01, 4.97000008e+01,
    0., -2.10627098e+01, 4.97500000e+01, 0., -2.10001907e+01,
    4.97999992e+01, 0., -2.09250107e+01, 4.98499985e+01, 0.,
    -2.08528309e+01, 4.99000015e+01, 0., -2.08020306e+01, 4.99500008e+01,
    0., -2.07367191e+01, 50., 0., -2.06788807e+01, 5.00499992e+01, 0.,
    -2.06097393e+01, 5.00999985e+01, 0., -2.05583000e+01, 5.01500015e+01,
    0., -2.04923496e+01, 5.02000008e+01, 0., -2.04376297e+01,
    5.02500000e+01, 0., -2.03691502e+01, 5.02999992e+01, 0.,
    -2.03143902e+01, 5.03499985e+01, 0., -2.02527409e+01, 5.04000015e+01,
    0., -2.02047806e+01, 5.04500008e+01, 0., -2.01328297e+01,
    5.05000000e+01, 0., -2.00586300e+01, 5.05499992e+01, 0.,
    -2.00017109e+01, 5.05999985e+01, 0., -1.99371395e+01, 5.06500015e+01,
    0., -1.98933792e+01, 5.07000008e+01, 0., -1.98359203e+01,
    5.07500000e+01, 0., -1.97866802e+01, 5.07999992e+01, 0.,
    -1.97268791e+01, 5.08499985e+01, 0., -1.96800003e+01, 5.09000015e+01,
    0., -1.96168194e+01, 5.09500008e+01, 0., -1.95532894e+01, 51., 0.,
    -1.95049706e+01, 5.10499992e+01, 0., -1.94465199e+01, 5.10999985e+01,
    0., -1.94022007e+01, 5.11500015e+01, 0., -1.93467007e+01,
    5.12000008e+01, 0., -1.93022194e+01, 5.12500000e+01, 0.,
    -1.92425709e+01, 5.12999992e+01, 0., -1.91927700e+01, 5.13499985e+01,
    0., -1.91358395e+01, 5.14000015e+01, 0., -1.90795307e+01,
    5.14500008e+01, 0., -1.90320492e+01, 5.15000000e+01, 0.,
    -1.89730797e+01, 5.15499992e+01, 0., -1.89264393e+01, 5.15999985e+01,
    0., -1.88739796e+01, 5.16500015e+01, 0., -1.88351803e+01,
    5.17000008e+01, 0., -1.87830906e+01, 5.17500000e+01, 0.,
    -1.87395306e+01, 5.17999992e+01, 0., -1.86842499e+01, 5.18499985e+01,
    0., -1.86292095e+01, 5.19000015e+01, 0., -1.85864506e+01,
    5.19500008e+01, 0., -1.85329399e+01, 52., 0., -1.84901791e+01,
    5.20499992e+01, 0., -1.84373207e+01, 5.20999985e+01, 0.,
    -1.83953609e+01, 5.21500015e+01, 0., -1.83451195e+01, 5.22000008e+01,
    0., -1.82949009e+01, 5.22500000e+01, 0., -1.82529793e+01,
    5.22999992e+01, 0., -1.82013397e+01, 5.23499985e+01, 0.,
    -1.81609402e+01, 5.24000015e+01, 0., -1.81064701e+01, 5.24500008e+01,
    0., -1.80608692e+01, 5.25000000e+01, 0., -1.80091095e+01,
    5.25499992e+01, 0., -1.79589996e+01, 5.25999985e+01, 0.,
    -1.79201603e+01, 5.26500015e+01, 0., -1.78704700e+01, 5.27000008e+01,
    0., -1.78294296e+01, 5.27500000e+01, 0., -1.77808990e+01,
    5.27999992e+01, 0., -1.77435799e+01, 5.28499985e+01, 0.,
    -1.76939297e+01, 5.29000015e+01, 0., -1.76440907e+01, 5.29500008e+01,
    0., -1.76060104e+01, 53., 0., -1.75599098e+01, 5.30499992e+01, 0.,
    -1.75248299e+01, 5.30999985e+01, 0., -1.74799004e+01, 5.31500015e+01,
    0., -1.74433804e+01, 5.32000008e+01, 0., -1.73991508e+01,
    5.32500000e+01, 0., -1.73545609e+01, 5.32999992e+01, 0.,
    -1.73165607e+01, 5.33499985e+01, 0., -1.72704906e+01, 5.34000015e+01,
    0., -1.72354507e+01, 5.34500008e+01, 0., -1.71909809e+01,
    5.35000000e+01, 0., -1.71551399e+01, 5.35499992e+01, 0.,
    -1.71088905e+01, 5.35999985e+01, 0., -1.70629807e+01, 5.36500015e+01,
    0., -1.70286198e+01, 5.37000008e+01, 0., -1.69856892e+01,
    5.37500000e+01, 0., -1.69513702e+01, 5.37999992e+01, 0.,
    -1.69085007e+01, 5.38499985e+01, 0., -1.68743000e+01, 5.39000015e+01,
    0., -1.68282604e+01, 5.39500008e+01, 0., -1.67830696e+01, 54., 0.,
    -1.67489491e+01, 5.40499992e+01, 0., -1.67073307e+01, 5.40999985e+01,
    0., -1.66746101e+01, 5.41500015e+01, 0., -1.66344509e+01,
    5.42000008e+01, 0., -1.65937405e+01, 5.42500000e+01, 0.,
    -1.65589008e+01, 5.42999992e+01, 0., -1.65167904e+01, 5.43499985e+01,
    0., -1.64848309e+01, 5.44000015e+01, 0., -1.64471302e+01,
    5.44500008e+01, 0., -1.64181709e+01, 5.45000000e+01, 0.,
    -1.63771000e+01, 5.45499992e+01, 0., -1.63373108e+01, 5.45999985e+01,
    0., -1.63084297e+01, 5.46500015e+01, 0., -1.62739506e+01,
    5.47000008e+01, 0., -1.62473106e+01, 5.47500000e+01, 0.,
    -1.62102394e+01, 5.47999992e+01, 0., -1.61715698e+01, 5.48499985e+01,
    0., -1.61383705e+01, 5.49000015e+01, 0., -1.60960903e+01,
    5.49500008e+01, 0., -1.60614109e+01, 55., 0., -1.60223999e+01,
    5.50499992e+01, 0., -1.59840899e+01, 5.50999985e+01, 0.,
    -1.59523697e+01, 5.51500015e+01, 0., -1.59148798e+01, 5.52000008e+01,
    0., -1.58875198e+01, 5.52500000e+01, 0., -1.58538799e+01,
    5.52999992e+01, 0., -1.58272800e+01, 5.53499985e+01, 0.,
    -1.57869101e+01, 5.54000015e+01, 0., -1.57490501e+01, 5.54500008e+01,
    0., -1.57239704e+01, 5.55000000e+01, 0., -1.56925602e+01,
    5.55499992e+01, 0., -1.56674805e+01, 5.55999985e+01, 0.,
    -1.56338701e+01, 5.56500015e+01, 0., -1.55981302e+01, 5.57000008e+01,
    0., -1.55644903e+01, 5.57500000e+01, 0., -1.55282698e+01,
    5.57999992e+01, 0., -1.55024700e+01, 5.58499985e+01, 0.,
    -1.54709597e+01, 5.59000015e+01, 0., -1.54390402e+01, 5.59500008e+01,
    0., -1.54118004e+01, 56., 0., -1.53769999e+01, 5.60499992e+01, 0.,
    -1.53483601e+01, 5.60999985e+01, 0., -1.53175402e+01, 5.61500015e+01,
    0., -1.52875900e+01, 5.62000008e+01, 0., -1.52624702e+01,
    5.62500000e+01, 0., -1.52284603e+01, 5.62999992e+01, 0.,
    -1.51981401e+01, 5.63499985e+01, 0., -1.51675797e+01, 5.64000015e+01,
    0., -1.51385698e+01, 5.64500008e+01, 0., -1.51142101e+01,
    5.65000000e+01, 0., -1.50836897e+01, 5.65499992e+01, 0.,
    -1.50593300e+01, 5.65999985e+01, 0., -1.50243502e+01, 5.66500015e+01,
    0., -1.49883099e+01, 5.67000008e+01, 0., -1.49654303e+01,
    5.67500000e+01, 0., -1.49378996e+01, 5.67999992e+01, 0.,
    -1.49172201e+01, 5.68499985e+01, 0., -1.48866100e+01, 5.69000015e+01,
    0., -1.48533001e+01, 5.69500008e+01, 0., -1.48283005e+01, 57., 0.,
    -1.47983599e+01, 5.70499992e+01, 0., -1.47761202e+01, 5.70999985e+01,
    0., -1.47465801e+01, 5.71500015e+01, 0., -1.47160397e+01,
    5.72000008e+01, 0., -1.46923599e+01, 5.72500000e+01, 0.,
    -1.46616497e+01, 5.72999992e+01, 0., -1.46358099e+01, 5.73499985e+01,
    0., -1.46020403e+01, 5.74000015e+01, 0., -1.45696402e+01,
    5.74500008e+01, 0., -1.45512800e+01, 5.75000000e+01, 0.,
