%YAML:1.0
---
scan_line: [ 4.02500000e+01, 0., -3.76887989e+00, 4.02999992e+01, 0.,
    -3.72708011e+00, 4.03499985e+01, 0., -3.64357996e+00, 4.04000015e+01,
    0., -3.56017995e+00, 4.04500008e+01, 0., -3.44463992e+00,
    4.05000000e+01, 0., -3.33884001e+00, 4.05499992e+01, 0.,
    -3.20420003e+00, 4.05999985e+01, 0., -3.08915997e+00, 4.06500015e+01,
    0., -2.97411990e+00, 4.07000008e+01, 0., -2.82607007e+00,
    4.07500000e+01, 0., -2.70683002e+00, 4.07999992e+01, 0.,
    -2.55752993e+00, 4.08499985e+01, 0., -2.43805003e+00, 4.09000015e+01,
    0., -2.32456994e+00, 4.09500008e+01, 0., -2.27689004e+00, 41., 0.,
    -2.15376997e+00, 4.10499992e+01, 0., -2.02140999e+00, 4.10999985e+01,
    0., -1.88905001e+00, 4.11500015e+01, 0., -1.78813004e+00,
    4.12000008e+01, 0., -1.69765997e+00, 4.12500000e+01, 0.,
    -1.60713995e+00, 4.12999992e+01, 0., -1.51662004e+00, 4.13499985e+01,
    0., -1.38515997e+00, 4.14000015e+01, 0., -1.27636003e+00,
    4.14500008e+01, 0., -1.15532994e+00, 4.15000000e+01, 0.,
    -1.06649005e+00, 4.15499992e+01, 0., -9.64929998e-01, 4.15999985e+01,
    0., -8.88809979e-01, 4.16500015e+01, 0., -7.90050030e-01,
    4.17000008e+01, 0., -7.09209979e-01, 4.17500000e+01, 0.,
    -6.11230016e-01, 4.17999992e+01, 0., -5.33469975e-01, 4.18499985e+01,
    0., -4.32819992e-01, 4.19000015e+01, 0., -3.51619989e-01,
    4.19500008e+01, 0., -2.49730006e-01, 42., 0., -1.68009996e-01,
    4.20499992e+01, 0., -6.52699992e-02, 4.20999985e+01, 0.,
    1.71700008e-02, 4.21500015e+01, 0., 1.06840000e-01, 4.22000008e+01,
    0., 1.75880000e-01, 4.22500000e+01, 0., 2.57970005e-01,
    4.22999992e+01, 0., 3.22770000e-01, 4.23499985e+01, 0.,
    4.19889987e-01, 4.24000015e+01, 0., 5.18329978e-01, 4.24500008e+01,
    0., 5.88410020e-01, 4.25000000e+01, 0., 6.74669981e-01,
    4.25499992e+01, 0., 7.39350021e-01, 4.25999985e+01, 0.,
    8.19599986e-01, 4.26500015e+01, 0., 8.81640017e-01, 4.27000008e+01,
    0., 9.61679995e-01, 4.27500000e+01, 0., 1.02864003e+00,
    4.27999992e+01, 0., 1.11125004e+00, 4.28499985e+01, 0.,
    1.17588997e+00, 4.29000015e+01, 0., 1.25969994e+00, 4.29500008e+01,
    0., 1.32830000e+00, 43., 0., 1.40697002e+00, 4.30499992e+01, 0.,
    1.46849000e+00, 4.30999985e+01, 0., 1.54563999e+00, 4.31500015e+01,
    0., 1.62287998e+00, 4.32000008e+01, 0., 1.68467999e+00,
    4.32500000e+01, 0., 1.76023996e+00, 4.32999992e+01, 0.,
    1.81863999e+00, 4.33499985e+01, 0., 1.89230001e+00, 4.34000015e+01,
    0., 1.95193994e+00, 4.34500008e+01, 0., 2.02301002e+00,
    4.35000000e+01, 0., 2.07792997e+00, 4.35499992e+01, 0.,
    2.14059997e+00, 4.35999985e+01, 0., 2.20257998e+00, 4.36500015e+01,
    0., 2.25474000e+00, 4.37000008e+01, 0., 2.32095003e+00,
    4.37500000e+01, 0., 2.37498999e+00, 4.37999992e+01, 0.,
    2.43898010e+00, 4.38499985e+01, 0., 2.48817992e+00, 4.39000015e+01,
    0., 2.55087996e+00, 4.39500008e+01, 0., 2.60168004e+00, 44., 0.,
    2.66902995e+00, 4.40499992e+01, 0., 2.73657990e+00, 4.40999985e+01,
    0., 2.78794003e+00, 4.41500015e+01, 0., 2.85152006e+00,
    4.42000008e+01, 0., 2.90159988e+00, 4.42500000e+01, 0.,
    2.96314001e+00, 4.42999992e+01, 0., 3.01178002e+00, 4.43499985e+01,
    0., 3.06808996e+00, 4.44000015e+01, 0., 3.12384009e+00,
    4.44500008e+01, 0., 3.17043996e+00, 4.45000000e+01, 0.,
    3.22679996e+00, 4.45499992e+01, 0., 3.26952004e+00, 4.45999985e+01,
    0., 3.33020997e+00, 4.46500015e+01, 0., 3.39303994e+00,
    4.47000008e+01, 0., 3.43436003e+00, 4.47500000e+01, 0.,
    3.48867989e+00, 4.47999992e+01, 0., 3.53520012e+00, 4.48499985e+01,
    0., 3.58946991e+00, 4.49000015e+01, 0., 3.63079000e+00,
    4.49500008e+01, 0., 3.68432999e+00, 45., 0., 3.73720002e+00,
    4.50499992e+01, 0., 3.77584004e+00, 4.50999985e+01, 0.,
    3.82838011e+00, 4.51500015e+01, 0., 3.87542009e+00, 4.52000008e+01,
    0., 3.92580009e+00, 4.52500000e+01, 0., 3.97421002e+00,
    4.52999992e+01, 0., 4.01332998e+00, 4.53499985e+01, 0.,
    4.06298018e+00, 4.54000015e+01, 0., 4.10345984e+00, 4.54500008e+01,
    0., 4.15357018e+00, 4.55000000e+01, 0., 4.19332981e+00,
    4.55499992e+01, 0., 4.24655008e+00, 4.55999985e+01, 0.,
    4.29691982e+00, 4.56500015e+01, 0., 4.33271980e+00, 4.57000008e+01,
    0., 4.37515020e+00, 4.57500000e+01, 0., 4.40779018e+00,
    4.57999992e+01, 0., 4.45625019e+00, 4.58499985e+01, 0.,
    4.50471020e+00, 4.59000015e+01, 0., 4.54115009e+00, 4.59500008e+01,
    0., 4.58487988e+00, 46., 0., 4.61880016e+00, 4.60499992e+01, 0.,
    4.66749001e+00, 4.60999985e+01, 0., 4.71423006e+00, 4.61500015e+01,
    0., 4.74746990e+00, 4.62000008e+01, 0., 4.79041004e+00,
    4.62500000e+01, 0., 4.82549000e+00, 4.62999992e+01, 0.,
    4.86922979e+00, 4.63499985e+01, 0., 4.91073990e+00, 4.64000015e+01,
    0., 4.94129992e+00, 4.64500008e+01, 0., 4.98331022e+00,
    4.65000000e+01, 0., 5.02608013e+00, 4.65499992e+01, 0.,
    5.05467987e+00, 4.65999985e+01, 0., 5.09283018e+00, 4.66500015e+01,
    0., 5.12622976e+00, 4.67000008e+01, 0., 5.16505003e+00,
    4.67500000e+01, 0., 5.20313978e+00, 4.67999992e+01, 0.,
    5.23362017e+00, 4.68499985e+01, 0., 5.27359009e+00, 4.69000015e+01,
    0., 5.30767012e+00, 4.69500008e+01, 0., 5.34924984e+00, 47., 0.,
    5.39027023e+00, 4.70499992e+01, 0., 5.42211008e+00, 4.70999985e+01,
    0., 5.46086979e+00, 4.71500015e+01, 0., 5.49127007e+00,
    4.72000008e+01, 0., 5.52848005e+00, 4.72500000e+01, 0.,
    5.56301022e+00, 4.72999992e+01, 0., 5.58760977e+00, 4.73499985e+01,
    0., 5.62098980e+00, 4.74000015e+01, 0., 5.65622997e+00,
    4.74500008e+01, 0., 5.68462992e+00, 4.75000000e+01, 0.,
    5.72003984e+00, 4.75499992e+01, 0., 5.74811983e+00, 4.75999985e+01,
    0., 5.78326988e+00, 4.76500015e+01, 0., 5.81725979e+00,
    4.77000008e+01, 0., 5.84306002e+00, 4.77500000e+01, 0.,
    5.87541008e+00, 4.77999992e+01, 0., 5.90757990e+00, 4.78499985e+01,
    0., 5.93277979e+00, 4.79000015e+01, 0., 5.96789980e+00,
    4.79500008e+01, 0., 6.00033998e+00, 48., 0., 6.03234005e+00,
    4.80499992e+01, 0., 6.06251001e+00, 4.80999985e+01, 0.,
    6.08755016e+00, 4.81500015e+01, 0., 6.12112999e+00, 4.82000008e+01,
    0., 6.15528011e+00, 4.82500000e+01, 0., 6.17975998e+00,
    4.82999992e+01, 0., 6.21062994e+00, 4.83499985e+01, 0.,
    6.23563004e+00, 4.84000015e+01, 0., 6.26446009e+00, 4.84500008e+01,
    0., 6.29364014e+00, 4.85000000e+01, 0., 6.32007980e+00,
    4.85499992e+01, 0., 6.35098982e+00, 4.85999985e+01, 0.,
    6.37984991e+00, 4.86500015e+01, 0., 6.40105009e+00, 4.87000008e+01,
    0., 6.42768002e+00, 4.87500000e+01, 0., 6.44899988e+00,
    4.87999992e+01, 0., 6.48149014e+00, 4.88499985e+01, 0.,
    6.51249981e+00, 4.89000015e+01, 0., 6.53369999e+00, 4.89500008e+01,
    0., 6.56188011e+00, 49., 0., 6.59142017e+00, 4.90499992e+01, 0.,
    6.61558008e+00, 4.90999985e+01, 0., 6.64400005e+00, 4.91500015e+01,
    0., 6.66576004e+00, 4.92000008e+01, 0., 6.69461012e+00,
    4.92500000e+01, 0., 6.72313023e+00, 4.92999992e+01, 0.,
    6.74500990e+00, 4.93499985e+01, 0., 6.76777983e+00, 4.94000015e+01,
    0., 6.79127979e+00, 4.94500008e+01, 0., 6.81623983e+00,
    4.95000000e+01, 0., 6.84406996e+00, 4.95499992e+01, 0.,
    6.86967993e+00, 4.95999985e+01, 0., 6.89012003e+00, 4.96500015e+01,
    0., 6.91284990e+00, 4.97000008e+01, 0., 6.92945004e+00,
    4.97500000e+01, 0., 6.95339012e+00, 4.97999992e+01, 0.,
    6.97848988e+00, 4.98499985e+01, 0., 6.99901009e+00, 4.99000015e+01,
    0., 7.02248001e+00, 4.99500008e+01, 0., 7.04387999e+00, 50., 0.,
    7.05923986e+00, 5.00499992e+01, 0., 7.08118010e+00, 5.00999985e+01,
    0., 7.10588980e+00, 5.01500015e+01, 0., 7.12857008e+00,
    5.02000008e+01, 0., 7.15534019e+00, 5.02500000e+01, 0.,
    7.17974997e+00, 5.02999992e+01, 0., 7.19510984e+00, 5.03499985e+01,
    0., 7.21503019e+00, 5.04000015e+01, 0., 7.23183012e+00,
    5.04500008e+01, 0., 7.25286007e+00, 5.05000000e+01, 0.,
    7.27460003e+00, 5.05499992e+01, 0., 7.29284000e+00, 5.05999985e+01,
    0., 7.31541014e+00, 5.06500015e+01, 0., 7.33813000e+00,
