%YAML:1.0
---
scan_line: [ 2.37000008e+01, 0., -6.07953978e+00, 2.37500000e+01, 0.,
    -6.00358009e+00, 2.37999992e+01, 0., -5.89732981e+00, 2.38500004e+01,
    0., -5.77637005e+00, 2.38999996e+01, 0., -5.65540981e+00,
    2.39500008e+01, 0., -5.51290989e+00, 24., 0., -5.42722988e+00,
    2.40499992e+01, 0., -5.34154987e+00, 2.41000004e+01, 0.,
    -5.21729994e+00, 2.41499996e+01, 0., -5.10886002e+00, 2.42000008e+01,
    0., -5.00042009e+00, 2.42500000e+01, 0., -4.86771011e+00,
    2.42999992e+01, 0., -4.76214981e+00, 2.43500004e+01, 0.,
    -4.62957001e+00, 2.43999996e+01, 0., -4.52153015e+00, 2.44500008e+01,
    0., -4.41348982e+00, 2.45000000e+01, 0., -4.27912998e+00,
    2.45499992e+01, 0., -4.17200994e+00, 2.46000004e+01, 0.,
    -4.06488991e+00, 2.46499996e+01, 0., -3.92695999e+00, 2.47000008e+01,
    0., -3.81592011e+00, 2.47500000e+01, 0., -3.68290997e+00,
    2.47999992e+01, 0., -3.58359003e+00, 2.48500004e+01, 0.,
    -3.48427010e+00, 2.48999996e+01, 0., -3.37456012e+00, 2.49500008e+01,
    0., -3.29460001e+00, 25., 0., -3.18169999e+00, 2.50499992e+01, 0.,
    -3.07590008e+00, 2.51000004e+01, 0., -2.97009993e+00, 2.51499996e+01,
    0., -2.85438991e+00, 2.52000008e+01, 0., -2.76515007e+00,
    2.52500000e+01, 0., -2.66416001e+00, 2.52999992e+01, 0.,
    -2.59615993e+00, 2.53500004e+01, 0., -2.50836992e+00, 2.53999996e+01,
    0., -2.42952991e+00, 2.54500008e+01, 0., -2.35068989e+00,
    2.55000000e+01, 0., -2.23148990e+00, 2.55499992e+01, 0.,
    -2.13209009e+00, 2.56000004e+01, 0., -2.02620006e+00, 2.56499996e+01,
    0., -1.95132005e+00, 2.57000008e+01, 0., -1.86199999e+00,
    2.57500000e+01, 0., -1.79584002e+00, 2.57999992e+01, 0.,
    -1.70991004e+00, 2.58500004e+01, 0., -1.63083005e+00, 2.58999996e+01,
    0., -1.55174994e+00, 2.59500008e+01, 0., -1.45977998e+00, 26., 0.,
    -1.38766003e+00, 2.60499992e+01, 0., -1.28631997e+00, 2.61000004e+01,
    0., -1.20308006e+00, 2.61499996e+01, 0., -1.10756004e+00,
    2.62000008e+01, 0., -1.03576005e+00, 2.62500000e+01, 0.,
    -9.45659995e-01, 2.62999992e+01, 0., -8.73179972e-01, 2.63500004e+01,
    0., -7.84099996e-01, 2.63999996e+01, 0., -7.14699984e-01,
    2.64500008e+01, 0., -6.30890012e-01, 2.65000000e+01, 0.,
    -5.67409992e-01, 2.65499992e+01, 0., -4.86279994e-01, 2.66000004e+01,
    0., -4.15800005e-01, 2.66499996e+01, 0., -3.27870011e-01,
    2.67000008e+01, 0., -2.58069992e-01, 2.67500000e+01, 0.,
    -1.73759997e-01, 2.67999992e+01, 0., -1.15840003e-01, 2.68500004e+01,
    0., -5.79200014e-02, 2.68999996e+01, 0., 1.61899999e-02,
    2.69500008e+01, 0., 7.57900029e-02, 27., 0., 1.63849995e-01,
    2.70499992e+01, 0., 2.37010002e-01, 2.71000004e+01, 0.,
    3.17750007e-01, 2.71499996e+01, 0., 3.80149990e-01, 2.72000008e+01,
    0., 4.56310004e-01, 2.72500000e+01, 0., 5.16870022e-01,
    2.72999992e+01, 0., 5.92559993e-01, 2.73500004e+01, 0.,
    6.53079987e-01, 2.73999996e+01, 0., 7.23980010e-01, 2.74500008e+01,
    0., 7.79739976e-01, 2.75000000e+01, 0., 8.49979997e-01,
    2.75499992e+01, 0., 9.06220019e-01, 2.76000004e+01, 0.,
    9.80849981e-01, 2.76499996e+01, 0., 1.05649996e+00, 2.77000008e+01,
    0., 1.11673999e+00, 2.77500000e+01, 0., 1.18962002e+00,
    2.77999992e+01, 0., 1.23986006e+00, 2.78500004e+01, 0.,
    1.30428004e+00, 2.78999996e+01, 0., 1.36088002e+00, 2.79500008e+01,
    0., 1.43016005e+00, 28., 0., 1.48080003e+00, 2.80499992e+01, 0.,
    1.54422998e+00, 2.81000004e+01, 0., 1.59527004e+00, 2.81499996e+01,
    0., 1.65769994e+00, 2.82000008e+01, 0., 1.70589995e+00,
    2.82500000e+01, 0., 1.76979005e+00, 2.82999992e+01, 0.,
    1.82527006e+00, 2.83500004e+01, 0., 1.88698995e+00, 2.83999996e+01,
    0., 1.93223000e+00, 2.84500008e+01, 0., 1.99547994e+00,
    2.85000000e+01, 0., 2.04959989e+00, 2.85499992e+01, 0.,
    2.11417007e+00, 2.86000004e+01, 0., 2.16521001e+00, 2.86499996e+01,
    0., 2.23085999e+00, 2.87000008e+01, 0., 2.29513001e+00,
    2.87500000e+01, 0., 2.34085011e+00, 2.87999992e+01, 0.,
    2.39867997e+00, 2.88500004e+01, 0., 2.44684005e+00, 2.88999996e+01,
    0., 2.50435996e+00, 2.89500008e+01, 0., 2.54712009e+00, 29., 0.,
    2.60363007e+00, 2.90499992e+01, 0., 2.65239000e+00, 2.91000004e+01,
    0., 2.70843005e+00, 2.91499996e+01, 0., 2.75059009e+00,
    2.92000008e+01, 0., 2.80503988e+00, 2.92500000e+01, 0.,
    2.84892011e+00, 2.92999992e+01, 0., 2.91060996e+00, 2.93500004e+01,
    0., 2.97364998e+00, 2.93999996e+01, 0., 3.02296996e+00,
    2.94500008e+01, 0., 3.08098006e+00, 2.95000000e+01, 0.,
    3.12301993e+00, 2.95499992e+01, 0., 3.17295003e+00, 2.96000004e+01,
    0., 3.21143007e+00, 2.96499996e+01, 0., 3.26177001e+00,
    2.97000008e+01, 0., 3.30312991e+00, 2.97500000e+01, 0.,
    3.35939002e+00, 2.97999992e+01, 0., 3.41563010e+00, 2.98500004e+01,
    0., 3.45690989e+00, 2.98999996e+01, 0., 3.51054001e+00,
    2.99500008e+01, 0., 3.55577993e+00, 30., 0., 3.60588002e+00,
    3.00499992e+01, 0., 3.64251995e+00, 3.01000004e+01, 0.,
    3.69235992e+00, 3.01499996e+01, 0., 3.73428011e+00, 3.02000008e+01,
    0., 3.78208995e+00, 3.02500000e+01, 0., 3.82936001e+00,
    3.02999992e+01, 0., 3.86931992e+00, 3.03500004e+01, 0.,
    3.91921997e+00, 3.03999996e+01, 0., 3.95905995e+00, 3.04500008e+01,
    0., 4.01042986e+00, 3.05000000e+01, 0., 4.05230999e+00,
    3.05499992e+01, 0., 4.09870005e+00, 3.06000004e+01, 0.,
    4.14507008e+00, 3.06499996e+01, 0., 4.18691015e+00, 3.07000008e+01,
    0., 4.23723984e+00, 3.07500000e+01, 0., 4.27504015e+00,
    3.07999992e+01, 0., 4.32192993e+00, 3.08500004e+01, 0.,
    4.35916996e+00, 3.08999996e+01, 0., 4.40170002e+00, 3.09500008e+01,
    0., 4.44422007e+00, 31., 0., 4.48133993e+00, 3.10499992e+01, 0.,
    4.52712011e+00, 3.11000004e+01, 0., 4.56300020e+00, 3.11499996e+01,
    0., 4.60729980e+00, 3.12000008e+01, 0., 4.64241982e+00,
    3.12500000e+01, 0., 4.68770981e+00, 3.12999992e+01, 0.,
    4.73236990e+00, 3.13500004e+01, 0., 4.76485014e+00, 3.13999996e+01,
    0., 4.80618000e+00, 3.14500008e+01, 0., 4.84006023e+00,
    3.15000000e+01, 0., 4.88181019e+00, 3.15499992e+01, 0.,
    4.91488981e+00, 3.16000004e+01, 0., 4.96029997e+00, 3.16499996e+01,
    0., 5.00470018e+00, 3.17000008e+01, 0., 5.03785992e+00,
    3.17500000e+01, 0., 5.07923985e+00, 3.17999992e+01, 0.,
    5.11227989e+00, 3.18500004e+01, 0., 5.15369987e+00, 3.18999996e+01,
    0., 5.19477987e+00, 3.19500008e+01, 0., 5.22650003e+00, 32., 0.,
    5.26613998e+00, 3.20499992e+01, 0., 5.29782009e+00, 3.20999985e+01,
    0., 5.34097004e+00, 3.21500015e+01, 0., 5.38474989e+00,
    3.22000008e+01, 0., 5.41447020e+00, 3.22500000e+01, 0.,
    5.45198011e+00, 3.22999992e+01, 0., 5.48233986e+00, 3.23499985e+01,
    0., 5.52186012e+00, 3.24000015e+01, 0., 5.55425978e+00,
    3.24500008e+01, 0., 5.59464979e+00, 3.25000000e+01, 0.,
    5.63567019e+00, 3.25499992e+01, 0., 5.67043018e+00, 3.25999985e+01,
    0., 5.70814991e+00, 3.26500015e+01, 0., 5.73522997e+00,
    3.27000008e+01, 0., 5.76843023e+00, 3.27500000e+01, 0.,
    5.80248022e+00, 3.27999992e+01, 0., 5.83283997e+00, 3.28499985e+01,
    0., 5.87071991e+00, 3.29000015e+01, 0., 5.90087986e+00,
    3.29500008e+01, 0., 5.93551016e+00, 33., 0., 5.96934986e+00,
    3.30499992e+01, 0., 5.99642992e+00, 3.30999985e+01, 0.,
    6.03257990e+00, 3.31500015e+01, 0., 6.06421995e+00, 3.32000008e+01,
    0., 6.09657001e+00, 3.32500000e+01, 0., 6.12841988e+00,
    3.32999992e+01, 0., 6.15797997e+00, 3.33499985e+01, 0.,
    6.19564009e+00, 3.34000015e+01, 0., 6.22648001e+00, 3.34500008e+01,
    0., 6.25922012e+00, 3.35000000e+01, 0., 6.29149008e+00,
    3.35499992e+01, 0., 6.32029009e+00, 3.35999985e+01, 0.,
    6.35657978e+00, 3.36500015e+01, 0., 6.38585997e+00, 3.37000008e+01,
    0., 6.41760015e+00, 3.37500000e+01, 0., 6.45040989e+00,
    3.37999992e+01, 0., 6.48412991e+00, 3.38499985e+01, 0.,
    6.51920986e+00, 3.39000015e+01, 0., 6.54344988e+00, 3.39500008e+01,
    0., 6.57262993e+00, 34., 0., 6.60232019e+00, 3.40499992e+01, 0.,
    6.62868023e+00, 3.40999985e+01, 0., 6.66003990e+00, 3.41500015e+01,
