%YAML:1.0
---
scan_line: [ 4.07000008e+01, 0., -1.23322001e+01, 4.07500000e+01, 0.,
    -1.22475996e+01, 4.07999992e+01, 0., -1.21399298e+01, 4.08499985e+01,
    0., -1.20479298e+01, 4.09000015e+01, 0., -1.19559298e+01,
    4.09500008e+01, 0., -1.18191299e+01, 41., 0., -1.17053699e+01,
    4.10499992e+01, 0., -1.15482998e+01, 4.10999985e+01, 0.,
    -1.14148197e+01, 4.11500015e+01, 0., -1.12507896e+01, 4.12000008e+01,
    0., -1.11289501e+01, 4.12500000e+01, 0., -1.10071096e+01,
    4.12999992e+01, 0., -1.08562803e+01, 4.13499985e+01, 0.,
    -1.07359200e+01, 4.14000015e+01, 0., -1.05789499e+01, 4.14500008e+01,
    0., -1.04457502e+01, 4.15000000e+01, 0., -1.03125496e+01,
    4.15499992e+01, 0., -1.01877699e+01, 4.15999985e+01, 0.,
    -1.00963297e+01, 4.16500015e+01, 0., -9.95547009e+00, 4.17000008e+01,
    0., -9.83755016e+00, 4.17500000e+01, 0., -9.69664955e+00,
    4.17999992e+01, 0., -9.59173012e+00, 4.18499985e+01, 0.,
    -9.45952034e+00, 4.19000015e+01, 0., -9.35064030e+00, 4.19500008e+01,
    0., -9.22080040e+00, 42., 0., -9.13724041e+00, 4.20499992e+01, 0.,
    -9.05368042e+00, 4.20999985e+01, 0., -8.92273045e+00, 4.21500015e+01,
    0., -8.81268978e+00, 4.22000008e+01, 0., -8.69064045e+00,
    4.22500000e+01, 0., -8.60136032e+00, 4.22999992e+01, 0.,
    -8.48190975e+00, 4.23499985e+01, 0., -8.38226986e+00, 4.24000015e+01,
    0., -8.26686001e+00, 4.24500008e+01, 0., -8.17945957e+00,
    4.25000000e+01, 0., -8.06754971e+00, 4.25499992e+01, 0.,
    -7.97494984e+00, 4.25999985e+01, 0., -7.86045980e+00, 4.26500015e+01,
    0., -7.77046013e+00, 4.27000008e+01, 0., -7.66047001e+00,
    4.27500000e+01, 0., -7.57555008e+00, 4.27999992e+01, 0.,
    -7.47248983e+00, 4.28499985e+01, 0., -7.39384985e+00, 4.29000015e+01,
    0., -7.29254007e+00, 4.29500008e+01, 0., -7.20206022e+00, 43., 0.,
    -7.09408998e+00, 4.30499992e+01, 0., -7.02425003e+00, 4.30999985e+01,
    0., -6.93350983e+00, 4.31500015e+01, 0., -6.85002995e+00,
    4.32000008e+01, 0., -6.74810982e+00, 4.32500000e+01, 0.,
    -6.67467022e+00, 4.32999992e+01, 0., -6.58086014e+00, 4.33499985e+01,
    0., -6.49970007e+00, 4.34000015e+01, 0., -6.40524006e+00,
    4.34500008e+01, 0., -6.33811998e+00, 4.35000000e+01, 0.,
    -6.25148010e+00, 4.35499992e+01, 0., -6.17888021e+00, 4.35999985e+01,
    0., -6.09000015e+00, 4.36500015e+01, 0., -6.02120018e+00,
    4.37000008e+01, 0., -5.92992020e+00, 4.37500000e+01, 0.,
    -5.85056019e+00, 4.37999992e+01, 0., -5.76218987e+00, 4.38499985e+01,
    0., -5.69730997e+00, 4.39000015e+01, 0., -5.61631012e+00,
    4.39500008e+01, 0., -5.55167007e+00, 44., 0., -5.47377014e+00,
    4.40499992e+01, 0., -5.41204977e+00, 4.40999985e+01, 0.,
    -5.32651997e+00, 4.41500015e+01, 0., -5.24056005e+00, 4.42000008e+01,
    0., -5.17708015e+00, 4.42500000e+01, 0., -5.09606981e+00,
    4.42999992e+01, 0., -5.02607012e+00, 4.43499985e+01, 0.,
    -4.94464016e+00, 4.44000015e+01, 0., -4.88679981e+00, 4.44500008e+01,
    0., -4.81227016e+00, 4.45000000e+01, 0., -4.75003004e+00,
    4.45499992e+01, 0., -4.67789984e+00, 4.45999985e+01, 0.,
    -4.62326002e+00, 4.46500015e+01, 0., -4.55233002e+00, 4.47000008e+01,
    0., -4.49428988e+00, 4.47500000e+01, 0., -4.42041016e+00,
    4.47999992e+01, 0., -4.34638023e+00, 4.48499985e+01, 0.,
    -4.28774023e+00, 4.49000015e+01, 0., -4.21677017e+00, 4.49500008e+01,
    0., -4.16284990e+00, 45., 0., -4.09202003e+00, 4.50499992e+01, 0.,
    -4.03138018e+00, 4.50999985e+01, 0., -3.95509005e+00, 4.51500015e+01,
    0., -3.89381003e+00, 4.52000008e+01, 0., -3.83084989e+00,
    4.52500000e+01, 0., -3.78321004e+00, 4.52999992e+01, 0.,
    -3.71557999e+00, 4.53499985e+01, 0., -3.64650011e+00, 4.54000015e+01,
    0., -3.59294009e+00, 4.54500008e+01, 0., -3.52499008e+00,
    4.55000000e+01, 0., -3.46942997e+00, 4.55499992e+01, 0.,
    -3.40358996e+00, 4.55999985e+01, 0., -3.35286999e+00, 4.56500015e+01,
    0., -3.28805995e+00, 4.57000008e+01, 0., -3.22327995e+00,
    4.57500000e+01, 0., -3.17260003e+00, 4.57999992e+01, 0.,
    -3.11099005e+00, 4.58499985e+01, 0., -3.06379008e+00, 4.59000015e+01,
    0., -3.00729990e+00, 4.59500008e+01, 0., -2.96354008e+00, 46., 0.,
    -2.90733004e+00, 4.60499992e+01, 0., -2.86156988e+00, 4.60999985e+01,
    0., -2.80432010e+00, 4.61500015e+01, 0., -2.74556994e+00,
    4.62000008e+01, 0., -2.69373012e+00, 4.62500000e+01, 0.,
    -2.63158989e+00, 4.62999992e+01, 0., -2.58519006e+00, 4.63499985e+01,
    0., -2.52466989e+00, 4.64000015e+01, 0., -2.47491002e+00,
    4.64500008e+01, 0., -2.41953993e+00, 4.65000000e+01, 0.,
    -2.36519003e+00, 4.65499992e+01, 0., -2.31959009e+00, 4.65999985e+01,
    0., -2.26320004e+00, 4.66500015e+01, 0., -2.21887994e+00,
    4.67000008e+01, 0., -2.16494012e+00, 4.67500000e+01, 0.,
    -2.11242008e+00, 4.67999992e+01, 0., -2.07369995e+00, 4.68499985e+01,
    0., -2.02150989e+00, 4.69000015e+01, 0., -1.97530997e+00,
    4.69500008e+01, 0., -1.91911995e+00, 47., 0., -1.87500000e+00,
    4.70499992e+01, 0., -1.81912005e+00, 4.70999985e+01, 0.,
    -1.76397002e+00, 4.71500015e+01, 0., -1.72261000e+00, 4.72000008e+01,
    0., -1.66914999e+00, 4.72500000e+01, 0., -1.62439001e+00,
    4.72999992e+01, 0., -1.57300997e+00, 4.73499985e+01, 0.,
    -1.53436995e+00, 4.74000015e+01, 0., -1.48132002e+00, 4.74500008e+01,
    0., -1.43050003e+00, 4.75000000e+01, 0., -1.39393997e+00,
    4.75499992e+01, 0., -1.34511995e+00, 4.75999985e+01, 0.,
    -1.30447996e+00, 4.76500015e+01, 0., -1.25307000e+00, 4.77000008e+01,
    0., -1.20232999e+00, 4.77500000e+01, 0., -1.16445005e+00,
    4.77999992e+01, 0., -1.11521006e+00, 4.78499985e+01, 0.,
    -1.07357001e+00, 4.79000015e+01, 0., -1.02803004e+00, 4.79500008e+01,
    0., -9.83280003e-01, 48., 0., -9.44880009e-01, 4.80499992e+01, 0.,
    -8.98230016e-01, 4.80999985e+01, 0., -8.62550020e-01, 4.81500015e+01,
    0., -8.14100027e-01, 4.82000008e+01, 0., -7.64450014e-01,
    4.82500000e+01, 0., -7.28890002e-01, 4.82999992e+01, 0.,
    -6.85699999e-01, 4.83499985e+01, 0., -6.52779996e-01, 4.84000015e+01,
    0., -6.05820000e-01, 4.84500008e+01, 0., -5.56940019e-01,
    4.85000000e+01, 0., -5.24060011e-01, 4.85499992e+01, 0.,
    -4.83240008e-01, 4.85999985e+01, 0., -4.51040000e-01, 4.86500015e+01,
    0., -4.08239990e-01, 4.87000008e+01, 0., -3.72720003e-01,
    4.87500000e+01, 0., -3.25480014e-01, 4.87999992e+01, 0.,
    -2.79289991e-01, 4.88499985e+01, 0., -2.44450003e-01, 4.89000015e+01,
    0., -2.01839998e-01, 4.89500008e+01, 0., -1.68320000e-01, 49., 0.,
    -1.23159997e-01, 4.90499992e+01, 0., -7.87800029e-02, 4.90999985e+01,
    0., -4.52600010e-02, 4.91500015e+01, 0., -5.34000015e-03,
    4.92000008e+01, 0., 2.54999995e-02, 4.92500000e+01, 0.,
    7.15399981e-02, 4.92999992e+01, 0., 1.15340002e-01, 4.93499985e+01,
    0., 1.45459995e-01, 4.94000015e+01, 0., 1.86419994e-01,
    4.94500008e+01, 0., 2.29069993e-01, 4.95000000e+01, 0.,
    2.61869997e-01, 4.95499992e+01, 0., 3.01539987e-01, 4.95999985e+01,
    0., 3.31620008e-01, 4.96500015e+01, 0., 3.73100013e-01,
    4.97000008e+01, 0., 4.15789992e-01, 4.97500000e+01, 0.,
    4.45870012e-01, 4.97999992e+01, 0., 4.83700007e-01, 4.98499985e+01,
    0., 5.14219999e-01, 4.99000015e+01, 0., 5.50620019e-01,
    4.99500008e+01, 0., 5.87180018e-01, 50., 0., 6.18539989e-01,
    5.00499992e+01, 0., 6.56579971e-01, 5.00999985e+01, 0.,
    6.85540020e-01, 5.01500015e+01, 0., 7.20189989e-01, 5.02000008e+01,
    0., 7.55940020e-01, 5.02500000e+01, 0., 7.89420009e-01,
    5.02999992e+01, 0., 8.25709999e-01, 5.03499985e+01, 0.,
    8.51710021e-01, 5.04000015e+01, 0., 8.87899995e-01, 5.04500008e+01,
    0., 9.25480008e-01, 5.05000000e+01, 0., 9.56040025e-01,
    5.05499992e+01, 0., 9.93589997e-01, 5.05999985e+01, 0.,
    1.02925003e+00, 5.06500015e+01, 0., 1.05316997e+00, 5.07000008e+01,
    0., 1.08589005e+00, 5.07500000e+01, 0., 1.11540997e+00,
    5.07999992e+01, 0., 1.14736998e+00, 5.08499985e+01, 0.,
    1.17841005e+00, 5.09000015e+01, 0., 1.20416999e+00, 5.09500008e+01,
