%YAML:1.0
---
scan_line: [ 4.94500008e+01, 0., 5.61506987e+00, 4.95000000e+01, 0.,
    5.68760014e+00, 4.95499992e+01, 0., 5.81203985e+00, 4.95999985e+01,
    0., 5.95472002e+00, 4.96500015e+01, 0., 6.02748013e+00,
    4.97000008e+01, 0., 6.13180017e+00, 4.97500000e+01, 0.,
    6.25780010e+00, 4.97999992e+01, 0., 6.41463995e+00, 4.98499985e+01,
    0., 6.53768015e+00, 4.99000015e+01, 0., 6.68492985e+00,
    4.99500008e+01, 0., 6.78148985e+00, 50., 0., 6.89804983e+00,
    5.00499992e+01, 0., 6.97793007e+00, 5.00999985e+01, 0.,
    7.07841015e+00, 5.01500015e+01, 0., 7.16049004e+00, 5.02000008e+01,
    0., 7.28769016e+00, 5.02500000e+01, 0., 7.41884995e+00,
    5.02999992e+01, 0., 7.59000015e+00, 5.03499985e+01, 0.,
    7.74963999e+00, 5.04000015e+01, 0., 7.92487001e+00, 5.04500008e+01,
    0., 7.98722982e+00, 5.05000000e+01, 0., 8.07641983e+00,
    5.05499992e+01, 0., 8.18350029e+00, 5.05999985e+01, 0.,
    8.31046009e+00, 5.06500015e+01, 0., 8.38994026e+00, 5.07000008e+01,
    0., 8.49882984e+00, 5.07500000e+01, 0., 8.59735012e+00,
    5.07999992e+01, 0., 8.71599007e+00, 5.08499985e+01, 0.,
    8.80842972e+00, 5.09000015e+01, 0., 8.92310047e+00, 5.09500008e+01,
    0., 9.01426029e+00, 51., 0., 9.12911034e+00, 5.10499992e+01, 0.,
    9.22138977e+00, 5.10999985e+01, 0., 9.32394981e+00, 5.11500015e+01,
    0., 9.42269039e+00, 5.12000008e+01, 0., 9.49952984e+00,
    5.12500000e+01, 0., 9.59302998e+00, 5.12999992e+01, 0.,
    9.66462994e+00, 5.13499985e+01, 0., 9.75640011e+00, 5.14000015e+01,
    0., 9.83244038e+00, 5.14500008e+01, 0., 9.92846012e+00,
    5.15000000e+01, 0., 1.00057001e+01, 5.15499992e+01, 0.,
    1.01047897e+01, 5.15999985e+01, 0., 1.02052097e+01, 5.16500015e+01,
    0., 1.02880096e+01, 5.17000008e+01, 0., 1.03843002e+01,
    5.17500000e+01, 0., 1.04526196e+01, 5.17999992e+01, 0.,
    1.05384398e+01, 5.18499985e+01, 0., 1.06073198e+01, 5.19000015e+01,
    0., 1.06934404e+01, 5.19500008e+01, 0., 1.07790403e+01, 52., 0.,
    1.08459597e+01, 5.20499992e+01, 0., 1.09254799e+01, 5.20999985e+01,
    0., 1.09841204e+01, 5.21500015e+01, 0., 1.10617304e+01,
    5.22000008e+01, 0., 1.11260500e+01, 5.22500000e+01, 0.,
    1.12064695e+01, 5.22999992e+01, 0., 1.12868795e+01, 5.23499985e+01,
    0., 1.13511200e+01, 5.24000015e+01, 0., 1.14248800e+01,
    5.24500008e+01, 0., 1.14759197e+01, 5.25000000e+01, 0.,
    1.15537996e+01, 5.25499992e+01, 0., 1.16346102e+01, 5.25999985e+01,
    0., 1.16787701e+01, 5.26500015e+01, 0., 1.17395296e+01,
    5.27000008e+01, 0., 1.17948103e+01, 5.27500000e+01, 0.,
    1.18714104e+01, 5.27999992e+01, 0., 1.19506397e+01, 5.28499985e+01,
    0., 1.20064402e+01, 5.29000015e+01, 0., 1.20761805e+01,
    5.29500008e+01, 0., 1.21319399e+01, 53., 0., 1.21970100e+01,
    5.30499992e+01, 0., 1.22465696e+01, 5.30999985e+01, 0.,
    1.23084402e+01, 5.31500015e+01, 0., 1.23684902e+01, 5.32000008e+01,
    0., 1.24142904e+01, 5.32500000e+01, 0., 1.24833002e+01,
    5.32999992e+01, 0., 1.25576000e+01, 5.33499985e+01, 0.,
    1.26088800e+01, 5.34000015e+01, 0., 1.26689396e+01, 5.34500008e+01,
    0., 1.27121401e+01, 5.35000000e+01, 0., 1.27718496e+01,
    5.35499992e+01, 0., 1.28338499e+01, 5.35999985e+01, 0.,
    1.28788500e+01, 5.36500015e+01, 0., 1.29400797e+01, 5.37000008e+01,
    0., 1.29949198e+01, 5.37500000e+01, 0., 1.30559998e+01,
    5.37999992e+01, 0., 1.31158600e+01, 5.38499985e+01, 0.,
    1.31657801e+01, 5.39000015e+01, 0., 1.32253199e+01, 5.39500008e+01,
    0., 1.32713604e+01, 54., 0., 1.33348904e+01, 5.40499992e+01, 0.,
    1.33947697e+01, 5.40999985e+01, 0., 1.34364500e+01, 5.41500015e+01,
    0., 1.34910603e+01, 5.42000008e+01, 0., 1.35456696e+01,
    5.42500000e+01, 0., 1.35842695e+01, 5.42999992e+01, 0.,
    1.36360397e+01, 5.43499985e+01, 0., 1.36816397e+01, 5.44000015e+01,
    0., 1.37378397e+01, 5.44500008e+01, 0., 1.37898197e+01,
    5.45000000e+01, 0., 1.38265800e+01, 5.45499992e+01, 0.,
    1.38780098e+01, 5.45999985e+01, 0., 1.39305696e+01, 5.46500015e+01,
    0., 1.39648104e+01, 5.47000008e+01, 0., 1.40121603e+01,
    5.47500000e+01, 0., 1.40553999e+01, 5.47999992e+01, 0.,
    1.41088305e+01, 5.48499985e+01, 0., 1.41584997e+01, 5.49000015e+01,
    0., 1.41938601e+01, 5.49500008e+01, 0., 1.42414198e+01, 55., 0.,
    1.42922201e+01, 5.50499992e+01, 0., 1.43361397e+01, 5.50999985e+01,
    0., 1.43828096e+01, 5.51500015e+01, 0., 1.44157305e+01,
    5.52000008e+01, 0., 1.44630003e+01, 5.52500000e+01, 0.,
    1.45121403e+01, 5.52999992e+01, 0., 1.45518198e+01, 5.53499985e+01,
    0., 1.45940704e+01, 5.54000015e+01, 0., 1.46359301e+01,
    5.54500008e+01, 0., 1.46742096e+01, 5.55000000e+01, 0.,
    1.47189503e+01, 5.55499992e+01, 0., 1.47624302e+01, 5.55999985e+01,
    0., 1.47999897e+01, 5.56500015e+01, 0., 1.48407297e+01,
    5.57000008e+01, 0., 1.48699303e+01, 5.57500000e+01, 0.,
    1.49161596e+01, 5.57999992e+01, 0., 1.49648304e+01, 5.58499985e+01,
    0., 1.50037498e+01, 5.59000015e+01, 0., 1.50438995e+01,
    5.59500008e+01, 0., 1.50830097e+01, 56., 0., 1.51177301e+01,
    5.60499992e+01, 0., 1.51569901e+01, 5.60999985e+01, 0.,
    1.51942997e+01, 5.61500015e+01, 0., 1.52269001e+01, 5.62000008e+01,
    0., 1.52692299e+01, 5.62500000e+01, 0., 1.53109398e+01,
    5.62999992e+01, 0., 1.53388205e+01, 5.63499985e+01, 0.,
    1.53746700e+01, 5.64000015e+01, 0., 1.54044304e+01, 5.64500008e+01,
    0., 1.54445295e+01, 5.65000000e+01, 0., 1.54831896e+01,
    5.65499992e+01, 0., 1.55115499e+01, 5.65999985e+01, 0.,
    1.55505400e+01, 5.66500015e+01, 0., 1.55924797e+01, 5.67000008e+01,
    0., 1.56285200e+01, 5.67500000e+01, 0., 1.56648302e+01,
    5.67999992e+01, 0., 1.56999197e+01, 5.68499985e+01, 0.,
    1.57310801e+01, 5.69000015e+01, 0., 1.57679701e+01, 5.69500008e+01,
    0., 1.58040104e+01, 57., 0., 1.58344498e+01, 5.70499992e+01, 0.,
    1.58704100e+01, 5.70999985e+01, 0., 1.59057198e+01, 5.71500015e+01,
    0., 1.59361601e+01, 5.72000008e+01, 0., 1.59726496e+01,
    5.72500000e+01, 0., 1.60064602e+01, 5.72999992e+01, 0.,
    1.60282192e+01, 5.73499985e+01, 0., 1.60580292e+01, 5.74000015e+01,
    0., 1.60849895e+01, 5.74500008e+01, 0., 1.61152096e+01,
    5.75000000e+01, 0., 1.61455994e+01, 5.75499992e+01, 0.,
    1.61711197e+01, 5.75999985e+01, 0., 1.62037601e+01, 5.76500015e+01,
    0., 1.62348194e+01, 5.77000008e+01, 0., 1.62575397e+01,
    5.77500000e+01, 0., 1.62880802e+01, 5.77999992e+01, 0.,
    1.63187408e+01, 5.78499985e+01, 0., 1.63428192e+01, 5.79000015e+01,
    0., 1.63750896e+01, 5.79500008e+01, 0., 1.64071407e+01, 58., 0.,
    1.64319000e+01, 5.80499992e+01, 0., 1.64635696e+01, 5.80999985e+01,
    0., 1.64961395e+01, 5.81500015e+01, 0., 1.65230198e+01,
    5.82000008e+01, 0., 1.65524197e+01, 5.82500000e+01, 0.,
    1.65800095e+01, 5.82999992e+01, 0., 1.66010494e+01, 5.83499985e+01,
    0., 1.66286392e+01, 5.84000015e+01, 0., 1.66572094e+01,
    5.84500008e+01, 0., 1.66806107e+01, 5.85000000e+01, 0.,
    1.67082806e+01, 5.85499992e+01, 0., 1.67349396e+01, 5.85999985e+01,
    0., 1.67562199e+01, 5.86500015e+01, 0., 1.67828693e+01,
    5.87000008e+01, 0., 1.68093491e+01, 5.87500000e+01, 0.,
    1.68299503e+01, 5.87999992e+01, 0., 1.68552208e+01, 5.88499985e+01,
    0., 1.68803101e+01, 5.89000015e+01, 0., 1.69009094e+01,
    5.89500008e+01, 0., 1.69261703e+01, 59., 0., 1.69519291e+01,
    5.90499992e+01, 0., 1.69752502e+01, 5.90999985e+01, 0.,
    1.70008297e+01, 5.91500015e+01, 0., 1.70245209e+01, 5.92000008e+01,
    0., 1.70450802e+01, 5.92500000e+01, 0., 1.70708199e+01,
    5.92999992e+01, 0., 1.70969009e+01, 5.93499985e+01, 0.,
    1.71188202e+01, 5.94000015e+01, 0., 1.71452599e+01, 5.94500008e+01,
    0., 1.71706409e+01, 5.95000000e+01, 0., 1.71898403e+01,
    5.95499992e+01, 0., 1.72128105e+01, 5.95999985e+01, 0.,
    1.72353001e+01, 5.96500015e+01, 0., 1.72538204e+01, 5.97000008e+01,
    0., 1.72792797e+01, 5.97500000e+01, 0., 1.73034191e+01,
    5.97999992e+01, 0., 1.73192196e+01, 5.98499985e+01, 0.,
    1.73396606e+01, 5.99000015e+01, 0., 1.73606091e+01, 5.99500008e+01,
