%YAML:1.0
---
scan_line: [ 3.94500008e+01, 0., -1.86500607e+01, 3.95000000e+01, 0.,
    -1.86089497e+01, 3.95499992e+01, 0., -1.85421104e+01, 3.95999985e+01,
    0., -1.84520206e+01, 3.96500015e+01, 0., -1.83721008e+01,
    3.97000008e+01, 0., -1.82645206e+01, 3.97500000e+01, 0.,
    -1.81540394e+01, 3.97999992e+01, 0., -1.80435600e+01, 3.98499985e+01,
    0., -1.79101295e+01, 3.99000015e+01, 0., -1.78044109e+01,
    3.99500008e+01, 0., -1.76661396e+01, 40., 0., -1.75482197e+01,
    4.00499992e+01, 0., -1.74004803e+01, 4.00999985e+01, 0.,
    -1.72815609e+01, 4.01500015e+01, 0., -1.71626396e+01, 4.02000008e+01,
    0., -1.70124798e+01, 4.02500000e+01, 0., -1.68916798e+01,
    4.02999992e+01, 0., -1.67468204e+01, 4.03499985e+01, 0.,
    -1.66509800e+01, 4.04000015e+01, 0., -1.65295296e+01, 4.04500008e+01,
    0., -1.64273300e+01, 4.05000000e+01, 0., -1.63251305e+01,
    4.05499992e+01, 0., -1.62046700e+01, 4.05999985e+01, 0.,
    -1.61097908e+01, 4.06500015e+01, 0., -1.60001297e+01, 4.07000008e+01,
    0., -1.59172497e+01, 4.07500000e+01, 0., -1.58060598e+01,
    4.07999992e+01, 0., -1.57081804e+01, 4.08499985e+01, 0.,
    -1.55925102e+01, 4.09000015e+01, 0., -1.55081100e+01, 4.09500008e+01,
    0., -1.54000397e+01, 41., 0., -1.53057203e+01, 4.10499992e+01, 0.,
    -1.51893196e+01, 4.10999985e+01, 0., -1.51010799e+01, 4.11500015e+01,
    0., -1.50128403e+01, 4.12000008e+01, 0., -1.49110804e+01,
    4.12500000e+01, 0., -1.48313999e+01, 4.12999992e+01, 0.,
    -1.47246199e+01, 4.13499985e+01, 0., -1.46378202e+01, 4.14000015e+01,
    0., -1.45345201e+01, 4.14500008e+01, 0., -1.44529600e+01,
    4.15000000e+01, 0., -1.43583498e+01, 4.15499992e+01, 0.,
    -1.42866697e+01, 4.15999985e+01, 0., -1.41956596e+01, 4.16500015e+01,
    0., -1.41220999e+01, 4.17000008e+01, 0., -1.40301600e+01,
    4.17500000e+01, 0., -1.39566402e+01, 4.17999992e+01, 0.,
    -1.38647900e+01, 4.18499985e+01, 0., -1.37913504e+01, 4.19000015e+01,
    0., -1.36975698e+01, 4.19500008e+01, 0., -1.36215696e+01, 42., 0.,
    -1.35324602e+01, 4.20499992e+01, 0., -1.34623804e+01, 4.20999985e+01,
    0., -1.33780699e+01, 4.21500015e+01, 0., -1.33113098e+01,
    4.22000008e+01, 0., -1.32389097e+01, 4.22500000e+01, 0.,
    -1.31832705e+01, 4.22999992e+01, 0., -1.30993996e+01, 4.23499985e+01,
    0., -1.30144300e+01, 4.24000015e+01, 0., -1.29543104e+01,
    4.24500008e+01, 0., -1.28785000e+01, 4.25000000e+01, 0.,
    -1.28158598e+01, 4.25499992e+01, 0., -1.27372704e+01, 4.25999985e+01,
    0., -1.26734695e+01, 4.26500015e+01, 0., -1.25949497e+01,
    4.27000008e+01, 0., -1.25337496e+01, 4.27500000e+01, 0.,
    -1.24594603e+01, 4.27999992e+01, 0., -1.24028196e+01, 4.28499985e+01,
    0., -1.23313599e+01, 4.29000015e+01, 0., -1.22735205e+01,
    4.29500008e+01, 0., -1.22040005e+01, 43., 0., -1.21499596e+01,
    4.30499992e+01, 0., -1.20751400e+01, 4.30999985e+01, 0.,
    -1.20114603e+01, 4.31500015e+01, 0., -1.19428396e+01, 4.32000008e+01,
    0., -1.18901596e+01, 4.32500000e+01, 0., -1.18220701e+01,
    4.32999992e+01, 0., -1.17525101e+01, 4.33499985e+01, 0.,
    -1.16940699e+01, 4.34000015e+01, 0., -1.16255398e+01, 4.34500008e+01,
    0., -1.15761805e+01, 4.35000000e+01, 0., -1.15135698e+01,
    4.35499992e+01, 0., -1.14624500e+01, 4.35999985e+01, 0.,
    -1.13979101e+01, 4.36500015e+01, 0., -1.13460302e+01, 4.37000008e+01,
    0., -1.12863102e+01, 4.37500000e+01, 0., -1.12395897e+01,
    4.37999992e+01, 0., -1.11774597e+01, 4.38499985e+01, 0.,
    -1.11137199e+01, 4.39000015e+01, 0., -1.10604801e+01, 4.39500008e+01,
    0., -1.09965000e+01, 44., 0., -1.09485397e+01, 4.40499992e+01, 0.,
    -1.08891897e+01, 4.40999985e+01, 0., -1.08424702e+01, 4.41500015e+01,
    0., -1.07808304e+01, 4.42000008e+01, 0., -1.07298298e+01,
    4.42500000e+01, 0., -1.06725597e+01, 4.42999992e+01, 0.,
    -1.06167202e+01, 4.43499985e+01, 0., -1.05715199e+01, 4.44000015e+01,
    0., -1.05175600e+01, 4.44500008e+01, 0., -1.04774399e+01,
    4.45000000e+01, 0., -1.04272804e+01, 4.45499992e+01, 0.,
    -1.03872004e+01, 4.45999985e+01, 0., -1.03322296e+01, 4.46500015e+01,
    0., -1.02857103e+01, 4.47000008e+01, 0., -1.02240200e+01,
    4.47500000e+01, 0., -1.01636105e+01, 4.47999992e+01, 0.,
    -1.01221704e+01, 4.48499985e+01, 0., -1.00699701e+01, 4.49000015e+01,
    0., -1.00278502e+01, 4.49500008e+01, 0., -9.97729015e+00, 45., 0.,
    -9.93805027e+00, 4.50499992e+01, 0., -9.88897991e+00, 4.50999985e+01,
    0., -9.84043980e+00, 4.51500015e+01, 0., -9.80340004e+00,
    4.52000008e+01, 0., -9.75632954e+00, 4.52500000e+01, 0.,
    -9.71784973e+00, 4.52999992e+01, 0., -9.66761017e+00, 4.53499985e+01,
    0., -9.62633038e+00, 4.54000015e+01, 0., -9.57540035e+00,
    4.54500008e+01, 0., -9.52499962e+00, 4.55000000e+01, 0.,
    -9.48591995e+00, 4.55499992e+01, 0., -9.43733978e+00, 4.55999985e+01,
    0., -9.39894009e+00, 4.56500015e+01, 0., -9.35196972e+00,
    4.57000008e+01, 0., -9.31501007e+00, 4.57500000e+01, 0.,
    -9.26669025e+00, 4.57999992e+01, 0., -9.21854019e+00, 4.58499985e+01,
    0., -9.18233967e+00, 4.59000015e+01, 0., -9.13704014e+00,
    4.59500008e+01, 0., -9.10087967e+00, 46., 0., -9.05825996e+00,
    4.60499992e+01, 0., -9.02562046e+00, 4.60999985e+01, 0.,
    -8.98550034e+00, 4.61500015e+01, 0., -8.94431973e+00, 4.62000008e+01,
    0., -8.90748024e+00, 4.62500000e+01, 0., -8.85993958e+00,
    4.62999992e+01, 0., -8.82021999e+00, 4.63499985e+01, 0.,
    -8.77482033e+00, 4.64000015e+01, 0., -8.73031044e+00, 4.64500008e+01,
    0., -8.69423008e+00, 4.65000000e+01, 0., -8.65153980e+00,
    4.65499992e+01, 0., -8.62038040e+00, 4.65999985e+01, 0.,
    -8.57927990e+00, 4.66500015e+01, 0., -8.54531956e+00, 4.67000008e+01,
    0., -8.50778961e+00, 4.67500000e+01, 0., -8.47023010e+00,
    4.67999992e+01, 0., -8.43622971e+00, 4.68499985e+01, 0.,
    -8.39536953e+00, 4.69000015e+01, 0., -8.36357021e+00, 4.69500008e+01,
    0., -8.32518959e+00, 47., 0., -8.28678036e+00, 4.70499992e+01, 0.,
    -8.25498009e+00, 4.70999985e+01, 0., -8.21492004e+00, 4.71500015e+01,
    0., -8.18251991e+00, 4.72000008e+01, 0., -8.14093971e+00,
    4.72500000e+01, 0., -8.09972954e+00, 4.72999992e+01, 0.,
    -8.07021046e+00, 4.73499985e+01, 0., -8.03328037e+00, 4.74000015e+01,
    0., -8.00384045e+00, 4.74500008e+01, 0., -7.96854019e+00,
    4.75000000e+01, 0., -7.94114017e+00, 4.75499992e+01, 0.,
    -7.90295982e+00, 4.75999985e+01, 0., -7.86404991e+00, 4.76500015e+01,
    0., -7.83325005e+00, 4.77000008e+01, 0., -7.79563999e+00,
    4.77500000e+01, 0., -7.76611996e+00, 4.77999992e+01, 0.,
    -7.73344994e+00, 4.78499985e+01, 0., -7.70090008e+00, 4.79000015e+01,
    0., -7.67197990e+00, 4.79500008e+01, 0., -7.63751984e+00, 48., 0.,
    -7.61087990e+00, 4.80499992e+01, 0., -7.58172989e+00, 4.80999985e+01,
    0., -7.55200005e+00, 4.81500015e+01, 0., -7.52307987e+00,
    4.82000008e+01, 0., -7.48705006e+00, 4.82500000e+01, 0.,
    -7.45829010e+00, 4.82999992e+01, 0., -7.42508984e+00, 4.83499985e+01,
    0., -7.39203978e+00, 4.84000015e+01, 0., -7.36395979e+00,
    4.84500008e+01, 0., -7.33148003e+00, 4.85000000e+01, 0.,
    -7.30692005e+00, 4.85499992e+01, 0., -7.27547979e+00, 4.85999985e+01,
    0., -7.24397993e+00, 4.86500015e+01, 0., -7.21914005e+00,
    4.87000008e+01, 0., -7.18884993e+00, 4.87500000e+01, 0.,
    -7.16505003e+00, 4.87999992e+01, 0., -7.13306999e+00, 4.88499985e+01,
    0., -7.09988022e+00, 4.89000015e+01, 0., -7.07108021e+00,
    4.89500008e+01, 0., -7.03984022e+00, 49., 0., -7.01743984e+00,
    4.90499992e+01, 0., -6.99087000e+00, 4.90999985e+01, 0.,
    -6.96264982e+00, 4.91500015e+01, 0., -6.93381023e+00, 4.92000008e+01,
    0., -6.90311003e+00, 4.92500000e+01, 0., -6.88147020e+00,
    4.92999992e+01, 0., -6.85123014e+00, 4.93499985e+01, 0.,
    -6.82252979e+00, 4.94000015e+01, 0., -6.80228996e+00, 4.94500008e+01,
    0., -6.77477980e+00, 4.95000000e+01, 0., -6.75165987e+00,
    4.95499992e+01, 0., -6.71954012e+00, 4.95999985e+01, 0.,
    -6.69039011e+00, 4.96500015e+01, 0., -6.67158985e+00, 4.97000008e+01,
