%YAML:1.0
---
scan_line: [ 5.28499985e+01, 0., 2.08080006e+00, 5.29000015e+01, 0.,
    2.12368011e+00, 5.29500008e+01, 0., 2.24604011e+00, 53., 0.,
    2.35764003e+00, 5.30499992e+01, 0., 2.51290011e+00, 5.30999985e+01,
    0., 2.64018011e+00, 5.31500015e+01, 0., 2.81169009e+00,
    5.32000008e+01, 0., 2.95132995e+00, 5.32500000e+01, 0.,
    3.12894011e+00, 5.32999992e+01, 0., 3.27261996e+00, 5.33499985e+01,
    0., 3.46136999e+00, 5.34000015e+01, 0., 3.61717010e+00,
    5.34500008e+01, 0., 3.78053999e+00, 5.35000000e+01, 0.,
    3.87353992e+00, 5.35499992e+01, 0., 4.00607014e+00, 5.35999985e+01,
    0., 4.13150978e+00, 5.36500015e+01, 0., 4.30163002e+00,
    5.37000008e+01, 0., 4.45354986e+00, 5.37500000e+01, 0.,
    4.60529995e+00, 5.37999992e+01, 0., 4.68081999e+00, 5.38499985e+01,
    0., 4.79964018e+00, 5.39000015e+01, 0., 4.90772009e+00,
    5.39500008e+01, 0., 5.04793978e+00, 54., 0., 5.16274023e+00,
    5.40499992e+01, 0., 5.30263996e+00, 5.40999985e+01, 0.,
    5.41260004e+00, 5.41500015e+01, 0., 5.54177999e+00, 5.42000008e+01,
    0., 5.64062023e+00, 5.42500000e+01, 0., 5.75435019e+00,
    5.42999992e+01, 0., 5.84330988e+00, 5.43499985e+01, 0.,
    5.97463989e+00, 5.44000015e+01, 0., 6.10660982e+00, 5.44500008e+01,
    0., 6.19824982e+00, 5.45000000e+01, 0., 6.31453991e+00,
    5.45499992e+01, 0., 6.41298008e+00, 5.45999985e+01, 0.,
    6.52966976e+00, 5.46500015e+01, 0., 6.61534977e+00, 5.47000008e+01,
    0., 6.72271013e+00, 5.47500000e+01, 0., 6.80875015e+00,
    5.47999992e+01, 0., 6.91574001e+00, 5.48499985e+01, 0.,
    7.00101995e+00, 5.49000015e+01, 0., 7.11334991e+00, 5.49500008e+01,
    0., 7.22453022e+00, 55., 0., 7.30517006e+00, 5.50499992e+01, 0.,
    7.40516996e+00, 5.50999985e+01, 0., 7.48416996e+00, 5.51500015e+01,
    0., 7.58659983e+00, 5.52000008e+01, 0., 7.67284012e+00,
    5.52500000e+01, 0., 7.77679014e+00, 5.52999992e+01, 0.,
    7.85783005e+00, 5.53499985e+01, 0., 7.94442987e+00, 5.54000015e+01,
    0., 8.02908993e+00, 5.54500008e+01, 0., 8.10233021e+00,
    5.55000000e+01, 0., 8.19351006e+00, 5.55499992e+01, 0.,
    8.26599026e+00, 5.55999985e+01, 0., 8.36279964e+00, 5.56500015e+01,
    0., 8.44347954e+00, 5.57000008e+01, 0., 8.54104996e+00,
    5.57500000e+01, 0., 8.63572025e+00, 5.57999992e+01, 0.,
    8.70479965e+00, 5.58499985e+01, 0., 8.79389000e+00, 5.59000015e+01,
    0., 8.86841011e+00, 5.59500008e+01, 0., 8.95285988e+00, 56., 0.,
    9.03477955e+00, 5.60499992e+01, 0., 9.09926033e+00, 5.60999985e+01,
    0., 9.17829037e+00, 5.61500015e+01, 0., 9.23956966e+00,
    5.62000008e+01, 0., 9.31334019e+00, 5.62500000e+01, 0.,
    9.37082005e+00, 5.62999992e+01, 0., 9.45878029e+00, 5.63499985e+01,
    0., 9.54675007e+00, 5.64000015e+01, 0., 9.61231041e+00,
    5.64500008e+01, 0., 9.69239044e+00, 5.65000000e+01, 0.,
    9.75539017e+00, 5.65499992e+01, 0., 9.82726955e+00, 5.65999985e+01,
    0., 9.90028000e+00, 5.66500015e+01, 0., 9.96788025e+00,
    5.67000008e+01, 0., 1.00431900e+01, 5.67500000e+01, 0.,
    1.00985098e+01, 5.67999992e+01, 0., 1.01707497e+01, 5.68499985e+01,
    0., 1.02449703e+01, 5.69000015e+01, 0., 1.03081303e+01,
    5.69500008e+01, 0., 1.03810797e+01, 57., 0., 1.04362402e+01,
    5.70499992e+01, 0., 1.05064802e+01, 5.70999985e+01, 0.,
    1.05770597e+01, 5.71500015e+01, 0., 1.06336203e+01, 5.72000008e+01,
    0., 1.06989803e+01, 5.72500000e+01, 0., 1.07484198e+01,
    5.72999992e+01, 0., 1.08151503e+01, 5.73499985e+01, 0.,
    1.08802996e+01, 5.74000015e+01, 0., 1.09290600e+01, 5.74500008e+01,
    0., 1.09985104e+01, 5.75000000e+01, 0., 1.10711803e+01,
    5.75499992e+01, 0., 1.11217403e+01, 5.75999985e+01, 0.,
    1.11892996e+01, 5.76500015e+01, 0., 1.12484999e+01, 5.77000008e+01,
    0., 1.13144598e+01, 5.77500000e+01, 0., 1.13793602e+01,
    5.77999992e+01, 0., 1.14342003e+01, 5.78499985e+01, 0.,
    1.14971399e+01, 5.79000015e+01, 0., 1.15444603e+01, 5.79500008e+01,
    0., 1.16061401e+01, 58., 0., 1.16633997e+01, 5.80499992e+01, 0.,
    1.17031603e+01, 5.80999985e+01, 0., 1.17636099e+01, 5.81500015e+01,
    0., 1.18277397e+01, 5.82000008e+01, 0., 1.18680601e+01,
    5.82500000e+01, 0., 1.19227200e+01, 5.82999992e+01, 0.,
    1.19715595e+01, 5.83499985e+01, 0., 1.20312796e+01, 5.84000015e+01,
    0., 1.20889101e+01, 5.84500008e+01, 0., 1.21328297e+01,
    5.85000000e+01, 0., 1.21904001e+01, 5.85499992e+01, 0.,
    1.22487001e+01, 5.85999985e+01, 0., 1.22919397e+01, 5.86500015e+01,
    0., 1.23474398e+01, 5.87000008e+01, 0., 1.23934402e+01,
    5.87500000e+01, 0., 1.24536600e+01, 5.87999992e+01, 0.,
    1.25121899e+01, 5.88499985e+01, 0., 1.25561104e+01, 5.89000015e+01,
    0., 1.26141100e+01, 5.89500008e+01, 0., 1.26708899e+01, 59., 0.,
    1.27061300e+01, 5.90499992e+01, 0., 1.27540798e+01, 5.90999985e+01,
    0., 1.27970800e+01, 5.91500015e+01, 0., 1.28494797e+01,
    5.92000008e+01, 0., 1.29040203e+01, 5.92500000e+01, 0.,
    1.29505396e+01, 5.92999992e+01, 0., 1.29961700e+01, 5.93499985e+01,
    0., 1.30400200e+01, 5.94000015e+01, 0., 1.30795403e+01,
    5.94500008e+01, 0., 1.31273403e+01, 5.95000000e+01, 0.,
    1.31741695e+01, 5.95499992e+01, 0., 1.32118101e+01, 5.95999985e+01,
    0., 1.32627001e+01, 5.96500015e+01, 0., 1.33079395e+01,
    5.97000008e+01, 0., 1.33643703e+01, 5.97500000e+01, 0.,
    1.34201498e+01, 5.97999992e+01, 0., 1.34639502e+01, 5.98499985e+01,
    0., 1.35112495e+01, 5.99000015e+01, 0., 1.35578604e+01,
    5.99500008e+01, 0., 1.35987396e+01, 60., 0., 1.36470804e+01,
    6.00499992e+01, 0., 1.36939602e+01, 6.00999985e+01, 0.,
    1.37326002e+01, 6.01500015e+01, 0., 1.37762499e+01, 6.02000008e+01,
    0., 1.38086901e+01, 6.02500000e+01, 0., 1.38574696e+01,
    6.02999992e+01, 0., 1.39054499e+01, 6.03499985e+01, 0.,
    1.39404097e+01, 6.04000015e+01, 0., 1.39848003e+01, 6.04500008e+01,
    0., 1.40277996e+01, 6.05000000e+01, 0., 1.40602398e+01,
    6.05499992e+01, 0., 1.41026497e+01, 6.05999985e+01, 0.,
    1.41475801e+01, 6.06500015e+01, 0., 1.41874199e+01, 6.07000008e+01,
    0., 1.42329702e+01, 6.07500000e+01, 0., 1.42755299e+01,
    6.07999992e+01, 0., 1.43089705e+01, 6.08499985e+01, 0.,
    1.43523598e+01, 6.09000015e+01, 0., 1.43950500e+01, 6.09500008e+01,
    0., 1.44236498e+01, 61., 0., 1.44632101e+01, 6.10499992e+01, 0.,
    1.44993696e+01, 6.10999985e+01, 0., 1.45390396e+01, 6.11500015e+01,
    0., 1.45786800e+01, 6.12000008e+01, 0., 1.46120396e+01,
    6.12500000e+01, 0., 1.46586800e+01, 6.12999992e+01, 0.,
    1.47044001e+01, 6.13499985e+01, 0., 1.47384396e+01, 6.14000015e+01,
    0., 1.47755499e+01, 6.14500008e+01, 0., 1.48114004e+01,
    6.15000000e+01, 0., 1.48405199e+01, 6.15499992e+01, 0.,
    1.48785105e+01, 6.15999985e+01, 0., 1.49177198e+01, 6.16500015e+01,
    0., 1.49496002e+01, 6.17000008e+01, 0., 1.49905500e+01,
    6.17500000e+01, 0., 1.50316601e+01, 6.17999992e+01, 0.,
    1.50628595e+01, 6.18499985e+01, 0., 1.51039305e+01, 6.19000015e+01,
    0., 1.51457100e+01, 6.19500008e+01, 0., 1.51768703e+01, 62., 0.,
    1.52143097e+01, 6.20499992e+01, 0., 1.52502403e+01, 6.20999985e+01,
    0., 1.52775202e+01, 6.21500015e+01, 0., 1.53118496e+01,
    6.22000008e+01, 0., 1.53395300e+01, 6.22500000e+01, 0.,
    1.53755703e+01, 6.22999992e+01, 0., 1.54122601e+01, 6.23499985e+01,
    0., 1.54420204e+01, 6.24000015e+01, 0., 1.54764204e+01,
    6.24500008e+01, 0., 1.55090599e+01, 6.25000000e+01, 0.,
    1.55339003e+01, 6.25499992e+01, 0., 1.55684605e+01, 6.25999985e+01,
    0., 1.56034899e+01, 6.26500015e+01, 0., 1.56310501e+01,
    6.27000008e+01, 0., 1.56682396e+01, 6.27500000e+01, 0.,
    1.57068300e+01, 6.27999992e+01, 0., 1.57384701e+01, 6.28499985e+01,
    0., 1.57752800e+01, 6.29000015e+01, 0., 1.58102798e+01,
    6.29500008e+01, 0., 1.58369999e+01, 63., 0., 1.58697701e+01,
    6.30499992e+01, 0., 1.59020004e+01, 6.30999985e+01, 0.,
    1.59273596e+01, 6.31500015e+01, 0., 1.59590797e+01, 6.32000008e+01,
    0., 1.59918499e+01, 6.32500000e+01, 0., 1.60192909e+01,
    6.32999992e+01, 0., 1.60543098e+01, 6.33499985e+01, 0.,
