%YAML:1.0
---
scan_line: [ 8.50000000e+00, 0., 3.31778002e+00, 8.55000019e+00, 0.,
    3.36202002e+00, 8.60000038e+00, 0., 3.44106007e+00, 8.64999962e+00,
    0., 3.50898004e+00, 8.69999981e+00, 0., 3.60786009e+00,
    8.75000000e+00, 0., 3.70357990e+00, 8.80000019e+00, 0.,
    3.79929996e+00, 8.85000038e+00, 0., 3.91097999e+00, 8.89999962e+00,
    0., 3.99058008e+00, 8.94999981e+00, 0., 4.07017994e+00, 9., 0.,
    4.16344023e+00, 9.05000019e+00, 0., 4.23676014e+00, 9.10000038e+00,
    0., 4.33529997e+00, 9.14999962e+00, 0., 4.42233992e+00,
    9.19999981e+00, 0., 4.50937986e+00, 9.25000000e+00, 0.,
    4.61336994e+00, 9.30000019e+00, 0., 4.69556999e+00, 9.35000038e+00,
    0., 4.79775000e+00, 9.39999962e+00, 0., 4.87747002e+00,
    9.44999981e+00, 0., 4.95719004e+00, 9.50000000e+00, 0.,
    5.04218006e+00, 9.55000019e+00, 0., 5.10230017e+00, 9.60000038e+00,
    0., 5.21215010e+00, 9.64999962e+00, 0., 5.31842995e+00,
    9.69999981e+00, 0., 5.42470980e+00, 9.75000000e+00, 0.,
    5.51548004e+00, 9.80000019e+00, 0., 5.53760004e+00, 9.85000038e+00,
    0., 5.62067986e+00, 9.89999962e+00, 0., 5.71664000e+00,
    9.94999981e+00, 0., 5.81260014e+00, 10., 0., 5.89204979e+00,
    1.00500002e+01, 0., 5.94749022e+00, 1.01000004e+01, 0.,
    6.03166008e+00, 1.01499996e+01, 0., 6.10686016e+00, 1.01999998e+01,
    0., 6.19771004e+00, 1.02500000e+01, 0., 6.26023006e+00,
    1.03000002e+01, 0., 6.32275009e+00, 1.03500004e+01, 0.,
    6.39917994e+00, 1.03999996e+01, 0., 6.45998001e+00, 1.04499998e+01,
    0., 6.53704977e+00, 1.05000000e+01, 0., 6.59888983e+00,
    1.05500002e+01, 0., 6.66768980e+00, 1.06000004e+01, 0.,
    6.71809006e+00, 1.06499996e+01, 0., 6.79199982e+00, 1.06999998e+01,
    0., 6.85684013e+00, 1.07500000e+01, 0., 6.93613005e+00,
    1.08000002e+01, 0., 6.99729013e+00, 1.08500004e+01, 0.,
    7.07275009e+00, 1.08999996e+01, 0., 7.13183022e+00, 1.09499998e+01,
    0., 7.20531988e+00, 11., 0., 7.26276016e+00, 1.10500002e+01, 0.,
    7.32019997e+00, 1.11000004e+01, 0., 7.39379978e+00, 1.11499996e+01,
    0., 7.45296001e+00, 1.11999998e+01, 0., 7.51395988e+00,
    1.12500000e+01, 0., 7.56012011e+00, 1.13000002e+01, 0.,
    7.61195993e+00, 1.13500004e+01, 0., 7.65223980e+00, 1.13999996e+01,
    0., 7.72687006e+00, 1.14499998e+01, 0., 7.79143000e+00,
    1.15000000e+01, 0., 7.85025978e+00, 1.15500002e+01, 0.,
    7.89289999e+00, 1.16000004e+01, 0., 7.96235991e+00, 1.16499996e+01,
    0., 8.02112007e+00, 1.16999998e+01, 0., 8.08938026e+00,
    1.17500000e+01, 0., 8.14293957e+00, 1.18000002e+01, 0.,
    8.19892979e+00, 1.18500004e+01, 0., 8.24145031e+00, 1.18999996e+01,
    0., 8.29990005e+00, 1.19499998e+01, 0., 8.34770012e+00, 12., 0.,
    8.41092968e+00, 1.20500002e+01, 0., 8.46212959e+00, 1.21000004e+01,
    0., 8.52641010e+00, 1.21499996e+01, 0., 8.57785034e+00,
    1.21999998e+01, 0., 8.63465977e+00, 1.22500000e+01, 0.,
    8.67854023e+00, 1.23000002e+01, 0., 8.73330021e+00, 1.23500004e+01,
    0., 8.78684044e+00, 1.23999996e+01, 0., 8.82588005e+00,
    1.24499998e+01, 0., 8.87650967e+00, 1.25000000e+01, 0.,
    8.92286968e+00, 1.25500002e+01, 0., 8.97747040e+00, 1.26000004e+01,
    0., 9.01698971e+00, 1.26499996e+01, 0., 9.06863022e+00,
    1.26999998e+01, 0., 9.11250973e+00, 1.27500000e+01, 0.,
    9.16874027e+00, 1.28000002e+01, 0., 9.21438026e+00, 1.28500004e+01,
    0., 9.26591969e+00, 1.28999996e+01, 0., 9.30416012e+00,
    1.29499998e+01, 0., 9.35480022e+00, 13., 0., 9.39587975e+00,
    1.30500002e+01, 0., 9.44381046e+00, 1.31000004e+01, 0.,
    9.49193954e+00, 1.31499996e+01, 0., 9.53378010e+00, 1.31999998e+01,
    0., 9.58532047e+00, 1.32500000e+01, 0., 9.62392044e+00,
    1.33000002e+01, 0., 9.67222023e+00, 1.33500004e+01, 0.,
    9.71082020e+00, 1.33999996e+01, 0., 9.75815010e+00, 1.34499998e+01,
    0., 9.79547024e+00, 1.35000000e+01, 0., 9.84502029e+00,
    1.35500002e+01, 0., 9.88613987e+00, 1.36000004e+01, 0.,
    9.92642021e+00, 1.36499996e+01, 0., 9.96543026e+00, 1.36999998e+01,
    0., 1.00013905e+01, 1.37500000e+01, 0., 1.00457802e+01,
    1.38000002e+01, 0., 1.00794601e+01, 1.38500004e+01, 0.,
    1.01224604e+01, 1.38999996e+01, 0., 1.01578197e+01, 1.39499998e+01,
    0., 1.02044802e+01, 14., 0., 1.02430401e+01, 1.40500002e+01, 0.,
    1.02855301e+01, 1.41000004e+01, 0., 1.03272104e+01, 1.41499996e+01,
    0., 1.03624897e+01, 1.41999998e+01, 0., 1.04019098e+01,
    1.42500000e+01, 0., 1.04277897e+01, 1.43000002e+01, 0.,
    1.04662905e+01, 1.43500004e+01, 0., 1.05003300e+01, 1.43999996e+01,
    0., 1.05471201e+01, 1.44499998e+01, 0., 1.05930204e+01,
    1.45000000e+01, 0., 1.06232595e+01, 1.45500002e+01, 0.,
    1.06616697e+01, 1.46000004e+01, 0., 1.06930304e+01, 1.46499996e+01,
    0., 1.07332802e+01, 1.46999998e+01, 0., 1.07660398e+01,
    1.47500000e+01, 0., 1.08000698e+01, 1.48000002e+01, 0.,
    1.08355103e+01, 1.48500004e+01, 0., 1.08737097e+01, 1.48999996e+01,
    0., 1.09171801e+01, 1.49499998e+01, 0., 1.09467802e+01, 15., 0.,
    1.09856501e+01, 1.50500002e+01, 0., 1.10177298e+01, 1.51000004e+01,
    0., 1.10502195e+01, 1.51499996e+01, 0., 1.10805302e+01,
    1.51999998e+01, 0., 1.11038504e+01, 1.52500000e+01, 0.,
    1.11349401e+01, 1.53000002e+01, 0., 1.11620197e+01, 1.53500004e+01,
    0., 1.12008495e+01, 1.53999996e+01, 0., 1.12414503e+01,
    1.54499998e+01, 0., 1.12691298e+01, 1.55000000e+01, 0.,
    1.13037205e+01, 1.55500002e+01, 0., 1.13313599e+01, 1.56000004e+01,
    0., 1.13668404e+01, 1.56499996e+01, 0., 1.13956404e+01,
    1.56999998e+01, 0., 1.14242496e+01, 1.57500000e+01, 0.,
    1.14530296e+01, 1.58000002e+01, 0., 1.14824305e+01, 1.58500004e+01,
    0., 1.15164804e+01, 1.58999996e+01, 0., 1.15422001e+01,
    1.59499998e+01, 0., 1.15700197e+01, 16., 0., 1.15980701e+01,
    1.60499992e+01, 0., 1.16246300e+01, 1.61000004e+01, 0.,
    1.16577301e+01, 1.61499996e+01, 0., 1.16841297e+01, 1.62000008e+01,
    0., 1.17152205e+01, 1.62500000e+01, 0., 1.17459698e+01,
    1.62999992e+01, 0., 1.17710505e+01, 1.63500004e+01, 0.,
    1.18035202e+01, 1.63999996e+01, 0., 1.18308401e+01, 1.64500008e+01,
    0., 1.18584099e+01, 1.65000000e+01, 0., 1.18847799e+01,
    1.65499992e+01, 0., 1.19073400e+01, 1.66000004e+01, 0.,
    1.19343204e+01, 1.66499996e+01, 0., 1.19544001e+01, 1.67000008e+01,
    0., 1.19833803e+01, 1.67500000e+01, 0., 1.20128899e+01,
    1.67999992e+01, 0., 1.20350904e+01, 1.68500004e+01, 0.,
    1.20616999e+01, 1.68999996e+01, 0., 1.20823402e+01, 1.69500008e+01,
    0., 1.21076498e+01, 17., 0., 1.21334295e+01, 1.70499992e+01, 0.,
    1.21548700e+01, 1.71000004e+01, 0., 1.21822596e+01, 1.71499996e+01,
    0., 1.22099304e+01, 1.72000008e+01, 0., 1.22318096e+01,
    1.72500000e+01, 0., 1.22572098e+01, 1.72999992e+01, 0.,
    1.22751303e+01, 1.73500004e+01, 0., 1.22991896e+01, 1.73999996e+01,
    0., 1.23235998e+01, 1.74500008e+01, 0., 1.23429203e+01,
    1.75000000e+01, 0., 1.23666801e+01, 1.75499992e+01, 0.,
    1.23854399e+01, 1.76000004e+01, 0., 1.24130096e+01, 1.76499996e+01,
    0., 1.24401999e+01, 1.77000008e+01, 0., 1.24602003e+01,
    1.77500000e+01, 0., 1.24864702e+01, 1.77999992e+01, 0.,
    1.25123501e+01, 1.78500004e+01, 0., 1.25292702e+01, 1.78999996e+01,
    0., 1.25519896e+01, 1.79500008e+01, 0., 1.25720301e+01, 18., 0.,
    1.25939798e+01, 1.80499992e+01, 0., 1.26164999e+01, 1.81000004e+01,
    0., 1.26388197e+01, 1.81499996e+01, 0., 1.26624203e+01,
    1.82000008e+01, 0., 1.26824398e+01, 1.82500000e+01, 0.,
    1.26962795e+01, 1.82999992e+01, 0., 1.27164001e+01, 1.83500004e+01,
    0., 1.27357597e+01, 1.83999996e+01, 0., 1.27585201e+01,
    1.84500008e+01, 0., 1.27813902e+01, 1.85000000e+01, 0.,
    1.28002300e+01, 1.85499992e+01, 0., 1.28215303e+01, 1.86000004e+01,
    0., 1.28408899e+01, 1.86499996e+01, 0., 1.28552904e+01,
    1.87000008e+01, 0., 1.28739500e+01, 1.87500000e+01, 0.,
    1.28896704e+01, 1.87999992e+01, 0., 1.29058399e+01, 1.88500004e+01,
    0., 1.29228802e+01, 1.88999996e+01, 0., 1.29385996e+01,
    1.89500008e+01, 0., 1.29575996e+01, 19., 0., 1.29765797e+01,
