%YAML:1.0
---
scan_line: [ 2.67500000e+01, 0., 1.43306005e+00, 2.67999992e+01, 0.,
    1.51538002e+00, 2.68500004e+01, 0., 1.63118994e+00, 2.68999996e+01,
    0., 1.73918998e+00, 2.69500008e+01, 0., 1.84719002e+00, 27., 0.,
    1.95947003e+00, 2.70499992e+01, 0., 2.04474998e+00, 2.71000004e+01,
    0., 2.16971993e+00, 2.71499996e+01, 0., 2.27947998e+00,
    2.72000008e+01, 0., 2.38924003e+00, 2.72500000e+01, 0.,
    2.51991010e+00, 2.72999992e+01, 0., 2.62311006e+00, 2.73500004e+01,
    0., 2.75242996e+00, 2.73999996e+01, 0., 2.85611010e+00,
    2.74500008e+01, 0., 2.95978999e+00, 2.75000000e+01, 0.,
    3.10205007e+00, 2.75499992e+01, 0., 3.22256994e+00, 2.76000004e+01,
    0., 3.36629009e+00, 2.76499996e+01, 0., 3.45897007e+00,
    2.77000008e+01, 0., 3.55165005e+00, 2.77500000e+01, 0.,
    3.68167996e+00, 2.77999992e+01, 0., 3.79320002e+00, 2.78500004e+01,
    0., 3.90472007e+00, 2.78999996e+01, 0., 4.04420996e+00,
    2.79500008e+01, 0., 4.15580988e+00, 28., 0., 4.28467989e+00,
    2.80499992e+01, 0., 4.38204002e+00, 2.81000004e+01, 0.,
    4.50298023e+00, 2.81499996e+01, 0., 4.59694004e+00, 2.82000008e+01,
    0., 4.69089985e+00, 2.82500000e+01, 0., 4.79824018e+00,
    2.82999992e+01, 0., 4.87864017e+00, 2.83500004e+01, 0.,
    4.98437977e+00, 2.83999996e+01, 0., 5.07170010e+00, 2.84500008e+01,
    0., 5.18670988e+00, 2.85000000e+01, 0., 5.28570986e+00,
    2.85499992e+01, 0., 5.38470984e+00, 2.86000004e+01, 0.,
    5.48926020e+00, 2.86499996e+01, 0., 5.56898022e+00, 2.87000008e+01,
    0., 5.66855001e+00, 2.87500000e+01, 0., 5.74814987e+00,
    2.87999992e+01, 0., 5.85119009e+00, 2.88500004e+01, 0.,
    5.93778992e+00, 2.88999996e+01, 0., 6.04838991e+00, 2.89500008e+01,
    0., 6.13962984e+00, 29., 0., 6.24980021e+00, 2.90499992e+01, 0.,
    6.32547998e+00, 2.91000004e+01, 0., 6.40115976e+00, 2.91499996e+01,
    0., 6.48696995e+00, 2.92000008e+01, 0., 6.55381012e+00,
    2.92500000e+01, 0., 6.64876986e+00, 2.92999992e+01, 0.,
    6.72697020e+00, 2.93500004e+01, 0., 6.81789017e+00, 2.93999996e+01,
    0., 6.88921022e+00, 2.94500008e+01, 0., 6.98684978e+00,
    2.95000000e+01, 0., 7.06940985e+00, 2.95499992e+01, 0.,
    7.16141987e+00, 2.96000004e+01, 0., 7.22898006e+00, 2.96499996e+01,
    0., 7.31374979e+00, 2.97000008e+01, 0., 7.38190985e+00,
    2.97500000e+01, 0., 7.46879005e+00, 2.97999992e+01, 0.,
    7.54026985e+00, 2.98500004e+01, 0., 7.62853003e+00, 2.98999996e+01,
    0., 7.69769001e+00, 2.99500008e+01, 0., 7.78669977e+00, 30., 0.,
    7.86089993e+00, 3.00499992e+01, 0., 7.94747019e+00, 3.01000004e+01,
    0., 8.00914955e+00, 3.01499996e+01, 0., 8.08514023e+00,
    3.02000008e+01, 0., 8.14449978e+00, 3.02500000e+01, 0.,
    8.22101974e+00, 3.02999992e+01, 0., 8.28485966e+00, 3.03500004e+01,
    0., 8.36750031e+00, 3.03999996e+01, 0., 8.43694019e+00,
    3.04500008e+01, 0., 8.51980019e+00, 3.05000000e+01, 0.,
    8.58127975e+00, 3.05499992e+01, 0., 8.65845966e+00, 3.06000004e+01,
    0., 8.72058010e+00, 3.06499996e+01, 0., 8.79008007e+00,
    3.07000008e+01, 0., 8.84132004e+00, 3.07500000e+01, 0.,
    8.92014980e+00, 3.07999992e+01, 0., 8.99106979e+00, 3.08500004e+01,
    0., 9.06902981e+00, 3.08999996e+01, 0., 9.12922955e+00,
    3.09500008e+01, 0., 9.19427967e+00, 31., 0., 9.24427986e+00,
    3.10499992e+01, 0., 9.32122993e+00, 3.11000004e+01, 0.,
    9.39945984e+00, 3.11499996e+01, 0., 9.45446014e+00, 3.12000008e+01,
    0., 9.52416992e+00, 3.12500000e+01, 0., 9.58285046e+00,
    3.12999992e+01, 0., 9.65178013e+00, 3.13500004e+01, 0.,
    9.70162010e+00, 3.13999996e+01, 0., 9.76799965e+00, 3.14500008e+01,
    0., 9.82596016e+00, 3.15000000e+01, 0., 9.89645958e+00,
    3.15499992e+01, 0., 9.95182037e+00, 3.16000004e+01, 0.,
    1.00229502e+01, 3.16499996e+01, 0., 1.00807896e+01, 3.17000008e+01,
    0., 1.01429996e+01, 3.17500000e+01, 0., 1.02034302e+01,
    3.17999992e+01, 0., 1.02541904e+01, 3.18500004e+01, 0.,
    1.03194304e+01, 3.18999996e+01, 0., 1.03771095e+01, 3.19500008e+01,
    0., 1.04451904e+01, 32., 0., 1.04947500e+01, 3.20499992e+01, 0.,
    1.05579796e+01, 3.20999985e+01, 0., 1.06099396e+01, 3.21500015e+01,
    0., 1.06711302e+01, 3.22000008e+01, 0., 1.07180500e+01,
    3.22500000e+01, 0., 1.07773104e+01, 3.22999992e+01, 0.,
    1.08375101e+01, 3.23499985e+01, 0., 1.08881102e+01, 3.24000015e+01,
    0., 1.09504499e+01, 3.24500008e+01, 0., 1.09991703e+01,
    3.25000000e+01, 0., 1.10572500e+01, 3.25499992e+01, 0.,
    1.11021700e+01, 3.25999985e+01, 0., 1.11662703e+01, 3.26500015e+01,
    0., 1.12217503e+01, 3.27000008e+01, 0., 1.12811604e+01,
    3.27500000e+01, 0., 1.13385096e+01, 3.27999992e+01, 0.,
    1.13858299e+01, 3.28499985e+01, 0., 1.14440403e+01, 3.29000015e+01,
    0., 1.14894400e+01, 3.29500008e+01, 0., 1.15467396e+01, 33., 0.,
    1.15927801e+01, 3.30499992e+01, 0., 1.16546898e+01, 3.30999985e+01,
    0., 1.17159595e+01, 3.31500015e+01, 0., 1.17594404e+01,
    3.32000008e+01, 0., 1.18128204e+01, 3.32500000e+01, 0.,
    1.18542604e+01, 3.32999992e+01, 0., 1.19080200e+01, 3.33499985e+01,
    0., 1.19533796e+01, 3.34000015e+01, 0., 1.20082102e+01,
    3.34500008e+01, 0., 1.20626497e+01, 3.35000000e+01, 0.,
    1.21066103e+01, 3.35499992e+01, 0., 1.21625605e+01, 3.35999985e+01,
    0., 1.22083998e+01, 3.36500015e+01, 0., 1.22623701e+01,
    3.37000008e+01, 0., 1.23037701e+01, 3.37500000e+01, 0.,
    1.23518105e+01, 3.37999992e+01, 0., 1.23992395e+01, 3.38499985e+01,
    0., 1.24381199e+01, 3.39000015e+01, 0., 1.24885397e+01,
    3.39500008e+01, 0., 1.25310602e+01, 34., 0., 1.25866203e+01,
    3.40499992e+01, 0., 1.26322603e+01, 3.40999985e+01, 0.,
    1.26800203e+01, 3.41500015e+01, 0., 1.27250099e+01, 3.42000008e+01,
    0., 1.27595301e+01, 3.42500000e+01, 0., 1.28090200e+01,
    3.42999992e+01, 0., 1.28562202e+01, 3.43499985e+01, 0.,
    1.29092999e+01, 3.44000015e+01, 0., 1.29603004e+01, 3.44500008e+01,
    0., 1.29990997e+01, 3.45000000e+01, 0., 1.30460596e+01,
    3.45499992e+01, 0., 1.30817003e+01, 3.45999985e+01, 0.,
    1.31273003e+01, 3.46500015e+01, 0., 1.31642599e+01, 3.47000008e+01,
    0., 1.32127800e+01, 3.47500000e+01, 0., 1.32616796e+01,
    3.47999992e+01, 0., 1.33004799e+01, 3.48499985e+01, 0.,
    1.33438597e+01, 3.49000015e+01, 0., 1.33757401e+01, 3.49500008e+01,
    0., 1.34207602e+01, 35., 0., 1.34682703e+01, 3.50499992e+01, 0.,
    1.35103102e+01, 3.50999985e+01, 0., 1.35627899e+01, 3.51500015e+01,
    0., 1.36046696e+01, 3.52000008e+01, 0., 1.36482296e+01,
    3.52500000e+01, 0., 1.36900997e+01, 3.52999992e+01, 0.,
    1.37251797e+01, 3.53499985e+01, 0., 1.37700596e+01, 3.54000015e+01,
    0., 1.38071404e+01, 3.54500008e+01, 0., 1.38488703e+01,
    3.55000000e+01, 0., 1.38900900e+01, 3.55499992e+01, 0.,
    1.39251299e+01, 3.55999985e+01, 0., 1.39696102e+01, 3.56500015e+01,
    0., 1.40059700e+01, 3.57000008e+01, 0., 1.40519104e+01,
    3.57500000e+01, 0., 1.40965700e+01, 3.57999992e+01, 0.,
    1.41277304e+01, 3.58499985e+01, 0., 1.41718102e+01, 3.59000015e+01,
    0., 1.42131701e+01, 3.59500008e+01, 0., 1.42528601e+01, 36., 0.,
    1.42905502e+01, 3.60499992e+01, 0., 1.43240299e+01, 3.60999985e+01,
    0., 1.43646898e+01, 3.61500015e+01, 0., 1.43965302e+01,
    3.62000008e+01, 0., 1.44355698e+01, 3.62500000e+01, 0.,
    1.44759197e+01, 3.62999992e+01, 0., 1.45128403e+01, 3.63499985e+01,
    0., 1.45528202e+01, 3.64000015e+01, 0., 1.45815001e+01,
    3.64500008e+01, 0., 1.46227903e+01, 3.65000000e+01, 0.,
    1.46648703e+01, 3.65499992e+01, 0., 1.46977901e+01, 3.65999985e+01,
    0., 1.47378101e+01, 3.66500015e+01, 0., 1.47762804e+01,
    3.67000008e+01, 0., 1.48048801e+01, 3.67500000e+01, 0.,
    1.48444901e+01, 3.67999992e+01, 0., 1.48807297e+01, 3.68499985e+01,
    0., 1.49177999e+01, 3.69000015e+01, 0., 1.49545498e+01,
    3.69500008e+01, 0., 1.49894304e+01, 37., 0., 1.50260201e+01,
    3.70499992e+01, 0., 1.50515404e+01, 3.70999985e+01, 0.,
    1.50871201e+01, 3.71500015e+01, 0., 1.51230297e+01, 3.72000008e+01,
    0., 1.51510696e+01, 3.72500000e+01, 0., 1.51880398e+01,
