%YAML:1.0
---
scan_line: [ 2.69500008e+01, 0., 3.73620003e-01, 27., 0., 3.77579987e-01,
    2.70499992e+01, 0., 3.96860003e-01, 2.72500000e+01, 0.,
    1.12585998e+00, 2.74500008e+01, 0., 1.91505003e+00, 2.75000000e+01,
    0., 2.03993011e+00, 2.75499992e+01, 0., 2.18590999e+00,
    2.76000004e+01, 0., 2.26998997e+00, 2.76499996e+01, 0.,
    2.35406995e+00, 2.77000008e+01, 0., 2.45140004e+00, 2.77500000e+01,
    0., 2.52767992e+00, 2.77999992e+01, 0., 2.63433003e+00,
    2.78500004e+01, 0., 2.72188997e+00, 2.78999996e+01, 0.,
    2.84765005e+00, 2.79500008e+01, 0., 2.95692992e+00, 28., 0.,
    3.06621003e+00, 2.80499992e+01, 0., 3.21316004e+00, 2.81000004e+01,
    0., 3.33276010e+00, 2.81499996e+01, 0., 3.47101998e+00,
    2.82000008e+01, 0., 3.54554009e+00, 2.82500000e+01, 0.,
    3.62005997e+00, 2.82999992e+01, 0., 3.75544000e+00, 2.83500004e+01,
    0., 3.87215996e+00, 2.83999996e+01, 0., 4.01408005e+00,
    2.84500008e+01, 0., 4.11467981e+00, 2.85000000e+01, 0.,
    4.21528006e+00, 2.85499992e+01, 0., 4.31073999e+00, 2.86000004e+01,
    0., 4.38098001e+00, 2.86499996e+01, 0., 4.49200010e+00,
    2.87000008e+01, 0., 4.58540010e+00, 2.87500000e+01, 0.,
    4.70025015e+00, 2.87999992e+01, 0., 4.78981018e+00, 2.88500004e+01,
    0., 4.90060997e+00, 2.88999996e+01, 0., 4.98541021e+00,
    2.89500008e+01, 0., 5.08591986e+00, 29., 0., 5.14864016e+00,
    2.90499992e+01, 0., 5.21135998e+00, 2.91000004e+01, 0.,
    5.31473017e+00, 2.91499996e+01, 0., 5.40232992e+00, 2.92000008e+01,
    0., 5.51615000e+00, 2.92500000e+01, 0., 5.60938978e+00,
    2.92999992e+01, 0., 5.70339012e+00, 2.93500004e+01, 0.,
    5.76651001e+00, 2.93999996e+01, 0., 5.85586023e+00, 2.94500008e+01,
    0., 5.93974018e+00, 2.95000000e+01, 0., 6.03855991e+00,
    2.95499992e+01, 0., 6.11032009e+00, 2.96000004e+01, 0.,
    6.20175982e+00, 2.96499996e+01, 0., 6.28015995e+00, 2.97000008e+01,
    0., 6.37875986e+00, 2.97500000e+01, 0., 6.45932007e+00,
    2.97999992e+01, 0., 6.55575991e+00, 2.98500004e+01, 0.,
    6.61908007e+00, 2.98999996e+01, 0., 6.69839001e+00, 2.99500008e+01,
    0., 6.76231003e+00, 30., 0., 6.84288979e+00, 3.00499992e+01, 0.,
    6.90953016e+00, 3.01000004e+01, 0., 6.97617006e+00, 3.01499996e+01,
    0., 7.06519985e+00, 3.02000008e+01, 0., 7.15491009e+00,
    3.02500000e+01, 0., 7.22426987e+00, 3.02999992e+01, 0.,
    7.30901003e+00, 3.03500004e+01, 0., 7.37032986e+00, 3.03999996e+01,
    0., 7.44619989e+00, 3.04500008e+01, 0., 7.50407982e+00,
    3.05000000e+01, 0., 7.57687998e+00, 3.05499992e+01, 0.,
    7.63643980e+00, 3.06000004e+01, 0., 7.71210003e+00, 3.06499996e+01,
    0., 7.77650023e+00, 3.07000008e+01, 0., 7.85058022e+00,
    3.07500000e+01, 0., 7.90214014e+00, 3.07999992e+01, 0.,
    7.96939993e+00, 3.08500004e+01, 0., 8.02655983e+00, 3.08999996e+01,
    0., 8.10350037e+00, 3.09500008e+01, 0., 8.17158031e+00, 31., 0.,
    8.24886990e+00, 3.10499992e+01, 0., 8.30650997e+00, 3.11000004e+01,
    0., 8.37586975e+00, 3.11499996e+01, 0., 8.42986965e+00,
    3.12000008e+01, 0., 8.49588013e+00, 3.12500000e+01, 0.,
    8.54835987e+00, 3.12999992e+01, 0., 8.62049961e+00, 3.13500004e+01,
    0., 8.69262028e+00, 3.13999996e+01, 0., 8.74501991e+00,
    3.14500008e+01, 0., 8.81075001e+00, 3.15000000e+01, 0.,
    8.86394978e+00, 3.15499992e+01, 0., 8.92726994e+00, 3.16000004e+01,
    0., 8.97399044e+00, 3.16499996e+01, 0., 9.03625011e+00,
    3.17000008e+01, 0., 9.09064960e+00, 3.17500000e+01, 0.,
    9.15439987e+00, 3.17999992e+01, 0., 9.20308018e+00, 3.18500004e+01,
    0., 9.26301956e+00, 3.18999996e+01, 0., 9.31074047e+00,
    3.19500008e+01, 0., 9.37514973e+00, 32., 0., 9.44099045e+00,
    3.20499992e+01, 0., 9.49462986e+00, 3.20999985e+01, 0.,
    9.56009007e+00, 3.21500015e+01, 0., 9.61052990e+00, 3.22000008e+01,
    0., 9.66724014e+00, 3.22500000e+01, 0., 9.70919991e+00,
    3.22999992e+01, 0., 9.76661968e+00, 3.23499985e+01, 0.,
    9.81509972e+00, 3.24000015e+01, 0., 9.87567043e+00, 3.24500008e+01,
    0., 9.93605042e+00, 3.25000000e+01, 0., 9.98381042e+00,
    3.25499992e+01, 0., 1.00438604e+01, 3.25999985e+01, 0.,
    1.00922203e+01, 3.26500015e+01, 0., 1.01498499e+01, 3.27000008e+01,
    0., 1.01944103e+01, 3.27500000e+01, 0., 1.02494297e+01,
    3.27999992e+01, 0., 1.03041601e+01, 3.28499985e+01, 0.,
    1.03473997e+01, 3.29000015e+01, 0., 1.04029999e+01, 3.29500008e+01,
    0., 1.04493198e+01, 33., 0., 1.05049200e+01, 3.30499992e+01, 0.,
    1.05480804e+01, 3.30999985e+01, 0., 1.06002197e+01, 3.31500015e+01,
    0., 1.06512203e+01, 3.32000008e+01, 0., 1.06899796e+01,
    3.32500000e+01, 0., 1.07384300e+01, 3.32999992e+01, 0.,
    1.07771902e+01, 3.33499985e+01, 0., 1.08237200e+01, 3.34000015e+01,
    0., 1.08599195e+01, 3.34500008e+01, 0., 1.09095497e+01,
    3.35000000e+01, 0., 1.09596701e+01, 3.35499992e+01, 0.,
    1.09977102e+01, 3.35999985e+01, 0., 1.10480604e+01, 3.36500015e+01,
    0., 1.10916996e+01, 3.37000008e+01, 0., 1.11453600e+01,
    3.37500000e+01, 0., 1.11877203e+01, 3.37999992e+01, 0.,
    1.12419596e+01, 3.38499985e+01, 0., 1.12958698e+01, 3.39000015e+01,
    0., 1.13369503e+01, 3.39500008e+01, 0., 1.13891096e+01, 34., 0.,
    1.14317904e+01, 3.40499992e+01, 0., 1.14773197e+01, 3.40999985e+01,
    0., 1.15216599e+01, 3.41500015e+01, 0., 1.15596199e+01,
    3.42000008e+01, 0., 1.16048803e+01, 3.42500000e+01, 0.,
    1.16384001e+01, 3.42999992e+01, 0., 1.16822596e+01, 3.43499985e+01,
    0., 1.17182999e+01, 3.44000015e+01, 0., 1.17663097e+01,
    3.44500008e+01, 0., 1.18138704e+01, 3.45000000e+01, 0.,
    1.18504295e+01, 3.45499992e+01, 0., 1.18938704e+01, 3.45999985e+01,
    0., 1.19273500e+01, 3.46500015e+01, 0., 1.19696798e+01,
    3.47000008e+01, 0., 1.20115700e+01, 3.47500000e+01, 0.,
    1.20443296e+01, 3.47999992e+01, 0., 1.20834999e+01, 3.48499985e+01,
    0., 1.21138201e+01, 3.49000015e+01, 0., 1.21602898e+01,
    3.49500008e+01, 0., 1.22067404e+01, 35., 0., 1.22413797e+01,
    3.50499992e+01, 0., 1.22865295e+01, 3.50999985e+01, 0.,
    1.23235703e+01, 3.51500015e+01, 0., 1.23656101e+01, 3.52000008e+01,
    0., 1.24065199e+01, 3.52500000e+01, 0., 1.24390001e+01,
    3.52999992e+01, 0., 1.24774199e+01, 3.53499985e+01, 0.,
    1.25069799e+01, 3.54000015e+01, 0., 1.25468302e+01, 3.54500008e+01,
    0., 1.25872202e+01, 3.55000000e+01, 0., 1.26192999e+01,
    3.55499992e+01, 0., 1.26593904e+01, 3.55999985e+01, 0.,
    1.26913900e+01, 3.56500015e+01, 0., 1.27339401e+01, 3.57000008e+01,
    0., 1.27758799e+01, 3.57500000e+01, 0., 1.28078804e+01,
    3.57999992e+01, 0., 1.28465996e+01, 3.58499985e+01, 0.,
    1.28838196e+01, 3.59000015e+01, 0., 1.29115400e+01, 3.59500008e+01,
    0., 1.29471102e+01, 36., 0., 1.29766703e+01, 3.60499992e+01, 0.,
    1.30146399e+01, 3.60999985e+01, 0., 1.30525198e+01, 3.61500015e+01,
    0., 1.30802002e+01, 3.62000008e+01, 0., 1.31175098e+01,
    3.62500000e+01, 0., 1.31505899e+01, 3.62999992e+01, 0.,
    1.31822395e+01, 3.63499985e+01, 0., 1.32126503e+01, 3.64000015e+01,
    0., 1.32407303e+01, 3.64500008e+01, 0., 1.32761002e+01,
    3.65000000e+01, 0., 1.33044996e+01, 3.65499992e+01, 0.,
    1.33410902e+01, 3.65999985e+01, 0., 1.33770704e+01, 3.66500015e+01,
    0., 1.34047098e+01, 3.67000008e+01, 0., 1.34434204e+01,
    3.67500000e+01, 0., 1.34836102e+01, 3.67999992e+01, 0.,
    1.35116501e+01, 3.68499985e+01, 0., 1.35459805e+01, 3.69000015e+01,
    0., 1.35729799e+01, 3.69500008e+01, 0., 1.36092997e+01, 37., 0.,
    1.36434603e+01, 3.70499992e+01, 0., 1.36673403e+01, 3.70999985e+01,
    0., 1.36982298e+01, 3.71500015e+01, 0., 1.37294502e+01,
    3.72000008e+01, 0., 1.37534504e+01, 3.72500000e+01, 0.,
    1.37830496e+01, 3.72999992e+01, 0., 1.38061304e+01, 3.73499985e+01,
    0., 1.38385296e+01, 3.74000015e+01, 0., 1.38717003e+01,
    3.74500008e+01, 0., 1.38981400e+01, 3.75000000e+01, 0.,
    1.39313097e+01, 3.75499992e+01, 0., 1.39639902e+01, 3.75999985e+01,
    0., 1.39884300e+01, 3.76500015e+01, 0., 1.40204000e+01,
    3.77000008e+01, 0., 1.40466805e+01, 3.77500000e+01, 0.,
