%YAML:1.0
---
scan_line: [ 3.47000008e+01, 0., 2.86914992e+00, 3.47500000e+01, 0.,
    2.88871002e+00, 3.47999992e+01, 0., 2.96649003e+00, 3.48499985e+01,
    0., 3.05709004e+00, 3.49000015e+01, 0., 3.15335989e+00,
    3.49500008e+01, 0., 3.20991993e+00, 35., 0., 3.29471993e+00,
    3.50499992e+01, 0., 3.37003994e+00, 3.50999985e+01, 0.,
    3.46093988e+00, 3.51500015e+01, 0., 3.53182006e+00, 3.52000008e+01,
    0., 3.63572001e+00, 3.52500000e+01, 0., 3.73711991e+00,
    3.52999992e+01, 0., 3.85958004e+00, 3.53499985e+01, 0.,
    3.95233989e+00, 3.54000015e+01, 0., 4.07097006e+00, 3.54500008e+01,
    0., 4.17412996e+00, 3.55000000e+01, 0., 4.27728987e+00,
    3.55499992e+01, 0., 4.36372995e+00, 3.55999985e+01, 0.,
    4.41013002e+00, 3.56500015e+01, 0., 4.49770021e+00, 3.57000008e+01,
    0., 4.57365990e+00, 3.57500000e+01, 0., 4.68362999e+00,
    3.57999992e+01, 0., 4.77454996e+00, 3.58499985e+01, 0.,
    4.87135983e+00, 3.59000015e+01, 0., 4.94540024e+00, 3.59500008e+01,
    0., 5.04015017e+00, 36., 0., 5.11639023e+00, 3.60499992e+01, 0.,
    5.21101999e+00, 3.60999985e+01, 0., 5.28658009e+00, 3.61500015e+01,
    0., 5.38215017e+00, 3.62000008e+01, 0., 5.45878983e+00,
    3.62500000e+01, 0., 5.54239988e+00, 3.62999992e+01, 0.,
    5.60684013e+00, 3.63499985e+01, 0., 5.70177984e+00, 3.64000015e+01,
    0., 5.78053999e+00, 3.64500008e+01, 0., 5.86057997e+00,
    3.65000000e+01, 0., 5.92085981e+00, 3.65499992e+01, 0.,
    6.00629997e+00, 3.65999985e+01, 0., 6.09225988e+00, 3.66500015e+01,
    0., 6.15466022e+00, 3.67000008e+01, 0., 6.23125982e+00,
    3.67500000e+01, 0., 6.28785992e+00, 3.67999992e+01, 0.,
    6.36344004e+00, 3.68499985e+01, 0., 6.43936014e+00, 3.69000015e+01,
    0., 6.52486992e+00, 3.69500008e+01, 0., 6.58191013e+00, 37., 0.,
    6.65352011e+00, 3.70499992e+01, 0., 6.71116018e+00, 3.70999985e+01,
    0., 6.78132010e+00, 3.71500015e+01, 0., 6.83635998e+00,
    3.72000008e+01, 0., 6.89825010e+00, 3.72500000e+01, 0.,
    6.95933008e+00, 3.72999992e+01, 0., 7.01105022e+00, 3.73499985e+01,
    0., 7.07815981e+00, 3.74000015e+01, 0., 7.13952017e+00,
    3.74500008e+01, 0., 7.21186018e+00, 3.75000000e+01, 0.,
    7.26437998e+00, 3.75499992e+01, 0., 7.32686996e+00, 3.75999985e+01,
    0., 7.37515020e+00, 3.76500015e+01, 0., 7.43907022e+00,
    3.77000008e+01, 0., 7.49210978e+00, 3.77500000e+01, 0.,
    7.55271006e+00, 3.77999992e+01, 0., 7.61172009e+00, 3.78499985e+01,
    0., 7.65831995e+00, 3.79000015e+01, 0., 7.71854019e+00,
    3.79500008e+01, 0., 7.76898003e+00, 38., 0., 7.83443022e+00,
    3.80499992e+01, 0., 7.88799000e+00, 3.80999985e+01, 0.,
    7.94862986e+00, 3.81500015e+01, 0., 8.00714970e+00, 3.82000008e+01,
    0., 8.05239010e+00, 3.82500000e+01, 0., 8.10770988e+00,
    3.82999992e+01, 0., 8.15038967e+00, 3.83499985e+01, 0.,
    8.20281982e+00, 3.84000015e+01, 0., 8.24417973e+00, 3.84500008e+01,
    0., 8.29850006e+00, 3.85000000e+01, 0., 8.35202026e+00,
    3.85499992e+01, 0., 8.39013958e+00, 3.85999985e+01, 0.,
    8.44011021e+00, 3.86500015e+01, 0., 8.48274994e+00, 3.87000008e+01,
    0., 8.53726006e+00, 3.87500000e+01, 0., 8.59249020e+00,
    3.87999992e+01, 0., 8.63632965e+00, 3.88499985e+01, 0.,
    8.68951035e+00, 3.89000015e+01, 0., 8.73007011e+00, 3.89500008e+01,
    0., 8.78413010e+00, 39., 0., 8.82913017e+00, 3.90499992e+01, 0.,
    8.87588978e+00, 3.90999985e+01, 0., 8.92004013e+00, 3.91500015e+01,
    0., 8.95483971e+00, 3.92000008e+01, 0., 8.99683952e+00,
    3.92500000e+01, 0., 9.02859974e+00, 3.92999992e+01, 0.,
    9.06818008e+00, 3.93499985e+01, 0., 9.10958958e+00, 3.94000015e+01,
    0., 9.14875031e+00, 3.94500008e+01, 0., 9.19799995e+00,
    3.95000000e+01, 0., 9.23771954e+00, 3.95499992e+01, 0.,
    9.28297043e+00, 3.95999985e+01, 0., 9.32684040e+00, 3.96500015e+01,
    0., 9.36091995e+00, 3.97000008e+01, 0., 9.40557957e+00,
    3.97500000e+01, 0., 9.44373989e+00, 3.97999992e+01, 0.,
    9.48418045e+00, 3.98499985e+01, 0., 9.52268028e+00, 3.99000015e+01,
    0., 9.55292034e+00, 3.99500008e+01, 0., 9.59467983e+00, 40., 0.,
    9.63276005e+00, 4.00499992e+01, 0., 9.67380047e+00, 4.00999985e+01,
    0., 9.71317959e+00, 4.01500015e+01, 0., 9.74473953e+00,
    4.02000008e+01, 0., 9.77937984e+00, 4.02500000e+01, 0.,
    9.80449963e+00, 4.02999992e+01, 0., 9.84313965e+00, 4.03499985e+01,
    0., 9.88274002e+00, 4.04000015e+01, 0., 9.91345978e+00,
    4.04500008e+01, 0., 9.95195007e+00, 4.05000000e+01, 0.,
    9.98954964e+00, 4.05499992e+01, 0., 1.00165100e+01, 4.05999985e+01,
    0., 1.00529003e+01, 4.06500015e+01, 0., 1.00851002e+01,
    4.07000008e+01, 0., 1.01175900e+01, 4.07500000e+01, 0.,
    1.01492100e+01, 4.07999992e+01, 0., 1.01778498e+01, 4.08499985e+01,
    0., 1.02114201e+01, 4.09000015e+01, 0., 1.02370596e+01,
    4.09500008e+01, 0., 1.02699804e+01, 41., 0., 1.03020401e+01,
    4.10499992e+01, 0., 1.03264399e+01, 4.10999985e+01, 0.,
    1.03590403e+01, 4.11500015e+01, 0., 1.03931904e+01, 4.12000008e+01,
    0., 1.04210701e+01, 4.12500000e+01, 0., 1.04514399e+01,
    4.12999992e+01, 0., 1.04733200e+01, 4.13499985e+01, 0.,
    1.05038099e+01, 4.14000015e+01, 0., 1.05341997e+01, 4.14500008e+01,
    0., 1.05573997e+01, 4.15000000e+01, 0., 1.05872097e+01,
    4.15499992e+01, 0., 1.06170797e+01, 4.15999985e+01, 0.,
    1.06392403e+01, 4.16500015e+01, 0., 1.06648397e+01, 4.17000008e+01,
    0., 1.06842003e+01, 4.17500000e+01, 0., 1.07141399e+01,
    4.17999992e+01, 0., 1.07451200e+01, 4.18499985e+01, 0.,
    1.07693996e+01, 4.19000015e+01, 0., 1.07967396e+01, 4.19500008e+01,
    0., 1.08238897e+01, 42., 0., 1.08474503e+01, 4.20499992e+01, 0.,
    1.08758802e+01, 4.20999985e+01, 0., 1.09024496e+01, 4.21500015e+01,
    0., 1.09199305e+01, 4.22000008e+01, 0., 1.09423399e+01,
    4.22500000e+01, 0., 1.09609003e+01, 4.22999992e+01, 0.,
    1.09855003e+01, 4.23499985e+01, 0., 1.10137501e+01, 4.24000015e+01,
    0., 1.10401897e+01, 4.24500008e+01, 0., 1.10661802e+01,
    4.25000000e+01, 0., 1.10905399e+01, 4.25499992e+01, 0.,
    1.11104603e+01, 4.25999985e+01, 0., 1.11354198e+01, 4.26500015e+01,
    0., 1.11596203e+01, 4.27000008e+01, 0., 1.11766596e+01,
    4.27500000e+01, 0., 1.11983004e+01, 4.27999992e+01, 0.,
    1.12157402e+01, 4.28499985e+01, 0., 1.12399797e+01, 4.29000015e+01,
    0., 1.12634296e+01, 4.29500008e+01, 0., 1.12804699e+01, 43., 0.,
    1.13017797e+01, 4.30499992e+01, 0., 1.13216896e+01, 4.30999985e+01,
    0., 1.13358898e+01, 4.31500015e+01, 0., 1.13537397e+01,
    4.32000008e+01, 0., 1.13719797e+01, 4.32500000e+01, 0.,
    1.13876200e+01, 4.32999992e+01, 0., 1.14087696e+01, 4.33499985e+01,
    0., 1.14310198e+01, 4.34000015e+01, 0., 1.14487801e+01,
    4.34500008e+01, 0., 1.14705000e+01, 4.35000000e+01, 0.,
    1.14917898e+01, 4.35499992e+01, 0., 1.15085497e+01, 4.35999985e+01,
    0., 1.15290098e+01, 4.36500015e+01, 0., 1.15446501e+01,
    4.37000008e+01, 0., 1.15634403e+01, 4.37500000e+01, 0.,
    1.15821199e+01, 4.37999992e+01, 0., 1.15970402e+01, 4.38499985e+01,
    0., 1.16156597e+01, 4.39000015e+01, 0., 1.16343298e+01,
    4.39500008e+01, 0., 1.16492500e+01, 44., 0., 1.16685801e+01,
    4.40499992e+01, 0., 1.16866999e+01, 4.40999985e+01, 0.,
    1.16994600e+01, 4.41500015e+01, 0., 1.17131996e+01, 4.42000008e+01,
    0., 1.17265997e+01, 4.42500000e+01, 0., 1.17379198e+01,
    4.42999992e+01, 0., 1.17515497e+01, 4.43499985e+01, 0.,
    1.17649803e+01, 4.44000015e+01, 0., 1.17762604e+01, 4.44500008e+01,
    0., 1.17914801e+01, 4.45000000e+01, 0., 1.18084602e+01,
    4.45499992e+01, 0., 1.18254204e+01, 4.45999985e+01, 0.,
    1.18429604e+01, 4.46500015e+01, 0., 1.18578396e+01, 4.47000008e+01,
    0., 1.18691597e+01, 4.47500000e+01, 0., 1.18827696e+01,
    4.47999992e+01, 0., 1.18955297e+01, 4.48499985e+01, 0.,
    1.19040098e+01, 4.49000015e+01, 0., 1.19167500e+01, 4.49500008e+01,
    0., 1.19305601e+01, 45., 0., 1.19404402e+01, 4.50499992e+01, 0.,
    1.19533796e+01, 4.50999985e+01, 0., 1.19661198e+01, 4.51500015e+01,
    0., 1.19745998e+01, 4.52000008e+01, 0., 1.19871902e+01,
