%YAML:1.0
---
scan_line: [ 3.77500000e+01, 0., -7.62015009e+00, 3.77999992e+01, 0.,
    -7.58419991e+00, 3.78499985e+01, 0., -7.49052000e+00, 3.79000015e+01,
    0., -7.40375996e+00, 3.79500008e+01, 0., -7.37080002e+00, 38., 0.,
    -7.31363010e+00, 3.80499992e+01, 0., -7.25938988e+00, 3.80999985e+01,
    0., -7.16957998e+00, 3.81500015e+01, 0., -7.08606005e+00,
    3.82000008e+01, 0., -6.98355007e+00, 3.82500000e+01, 0.,
    -6.90262985e+00, 3.82999992e+01, 0., -6.78403997e+00, 3.83499985e+01,
    0., -6.67995977e+00, 3.84000015e+01, 0., -6.58615017e+00,
    3.84500008e+01, 0., -6.55479002e+00, 3.85000000e+01, 0.,
    -6.48793983e+00, 3.85499992e+01, 0., -6.41974020e+00, 3.85999985e+01,
    0., -6.32606983e+00, 3.86500015e+01, 0., -6.24674988e+00,
    3.87000008e+01, 0., -6.14770985e+00, 3.87500000e+01, 0.,
    -6.06859016e+00, 3.87999992e+01, 0., -5.97855997e+00, 3.88499985e+01,
    0., -5.91731977e+00, 3.89000015e+01, 0., -5.83150005e+00,
    3.89500008e+01, 0., -5.75790024e+00, 39., 0., -5.66965008e+00,
    3.90499992e+01, 0., -5.60104990e+00, 3.90999985e+01, 0.,
    -5.51392984e+00, 3.91500015e+01, 0., -5.44353008e+00, 3.92000008e+01,
    0., -5.36106014e+00, 3.92500000e+01, 0., -5.29809999e+00,
    3.92999992e+01, 0., -5.21201992e+00, 3.93499985e+01, 0.,
    -5.13925982e+00, 3.94000015e+01, 0., -5.06233978e+00, 3.94500008e+01,
    0., -5.00833988e+00, 3.95000000e+01, 0., -4.93445015e+00,
    3.95499992e+01, 0., -4.87412977e+00, 3.95999985e+01, 0.,
    -4.79200983e+00, 3.96500015e+01, 0., -4.71063995e+00, 3.97000008e+01,
    0., -4.65360022e+00, 3.97500000e+01, 0., -4.58284998e+00,
    3.97999992e+01, 0., -4.52832985e+00, 3.98499985e+01, 0.,
    -4.46020985e+00, 3.99000015e+01, 0., -4.40580988e+00, 3.99500008e+01,
    0., -4.34136009e+00, 40., 0., -4.29175997e+00, 4.00499992e+01, 0.,
    -4.22615004e+00, 4.00999985e+01, 0., -4.17183018e+00, 4.01500015e+01,
    0., -4.10570002e+00, 4.02000008e+01, 0., -4.05318022e+00,
    4.02500000e+01, 0., -3.99256992e+00, 4.02999992e+01, 0.,
    -3.93255997e+00, 4.03499985e+01, 0., -3.88247991e+00, 4.04000015e+01,
    0., -3.81605005e+00, 4.04500008e+01, 0., -3.75836992e+00,
    4.05000000e+01, 0., -3.69607997e+00, 4.05499992e+01, 0.,
    -3.65156007e+00, 4.05999985e+01, 0., -3.60195994e+00, 4.06500015e+01,
    0., -3.56356001e+00, 4.07000008e+01, 0., -3.50869989e+00,
    4.07500000e+01, 0., -3.45334005e+00, 4.07999992e+01, 0.,
    -3.41289997e+00, 4.08499985e+01, 0., -3.35963011e+00, 4.09000015e+01,
    0., -3.31375003e+00, 4.09500008e+01, 0., -3.26203990e+00, 41., 0.,
    -3.22372007e+00, 4.10499992e+01, 0., -3.17646003e+00, 4.10999985e+01,
    0., -3.12901998e+00, 4.11500015e+01, 0., -3.09001994e+00,
    4.12000008e+01, 0., -3.04127002e+00, 4.12500000e+01, 0.,
    -3.00226998e+00, 4.12999992e+01, 0., -2.95305991e+00, 4.13499985e+01,
    0., -2.91346002e+00, 4.14000015e+01, 0., -2.86525989e+00,
    4.14500008e+01, 0., -2.81767011e+00, 4.15000000e+01, 0.,
    -2.78027010e+00, 4.15499992e+01, 0., -2.73496008e+00, 4.15999985e+01,
    0., -2.69952011e+00, 4.16500015e+01, 0., -2.65518999e+00,
    4.17000008e+01, 0., -2.61139989e+00, 4.17500000e+01, 0.,
    -2.57803988e+00, 4.17999992e+01, 0., -2.53695989e+00, 4.18499985e+01,
    0., -2.50496006e+00, 4.19000015e+01, 0., -2.46324992e+00,
    4.19500008e+01, 0., -2.42150998e+00, 42., 0., -2.39155006e+00,
    4.20499992e+01, 0., -2.35276008e+00, 4.20999985e+01, 0.,
    -2.32012010e+00, 4.21500015e+01, 0., -2.28284001e+00, 4.22000008e+01,
    0., -2.25496006e+00, 4.22500000e+01, 0., -2.21532989e+00,
    4.22999992e+01, 0., -2.17554998e+00, 4.23499985e+01, 0.,
    -2.14494991e+00, 4.24000015e+01, 0., -2.10825992e+00, 4.24500008e+01,
    0., -2.07974005e+00, 4.25000000e+01, 0., -2.04274011e+00,
    4.25499992e+01, 0., -2.00448990e+00, 4.25999985e+01, 0.,
    -1.97113001e+00, 4.26500015e+01, 0., -1.93509996e+00, 4.27000008e+01,
    0., -1.90934002e+00, 4.27500000e+01, 0., -1.87779999e+00,
    4.27999992e+01, 0., -1.84457004e+00, 4.28499985e+01, 0.,
    -1.81201005e+00, 4.29000015e+01, 0., -1.77742004e+00, 4.29500008e+01,
    0., -1.75305998e+00, 43., 0., -1.72321999e+00, 4.30499992e+01, 0.,
    -1.69308996e+00, 4.30999985e+01, 0., -1.66756999e+00, 4.31500015e+01,
    0., -1.63493001e+00, 4.32000008e+01, 0., -1.60848999e+00,
    4.32500000e+01, 0., -1.57787001e+00, 4.32999992e+01, 0.,
    -1.54799998e+00, 4.33499985e+01, 0., -1.52432001e+00, 4.34000015e+01,
    0., -1.49520004e+00, 4.34500008e+01, 0., -1.47220004e+00,
    4.35000000e+01, 0., -1.44086003e+00, 4.35499992e+01, 0.,
    -1.41150999e+00, 4.35999985e+01, 0., -1.39122999e+00, 4.36500015e+01,
    0., -1.36251998e+00, 4.37000008e+01, 0., -1.33302999e+00,
    4.37500000e+01, 0., -1.31411004e+00, 4.37999992e+01, 0.,
    -1.28827000e+00, 4.38499985e+01, 0., -1.26503003e+00, 4.39000015e+01,
    0., -1.24097002e+00, 4.39500008e+01, 0., -1.21767998e+00, 44., 0.,
    -1.19760001e+00, 4.40499992e+01, 0., -1.17437005e+00, 4.40999985e+01,
    0., -1.15681005e+00, 4.41500015e+01, 0., -1.13463998e+00,
    4.42000008e+01, 0., -1.11185002e+00, 4.42500000e+01, 0.,
    -1.09292996e+00, 4.42999992e+01, 0., -1.06950998e+00, 4.43499985e+01,
    0., -1.04578996e+00, 4.44000015e+01, 0., -1.02498996e+00,
    4.44500008e+01, 0., -1.00288999e+00, 4.45000000e+01, 0.,
    -9.87370014e-01, 4.45499992e+01, 0., -9.65759993e-01, 4.45999985e+01,
    0., -9.44000006e-01, 4.46500015e+01, 0., -9.27119970e-01,
    4.47000008e+01, 0., -9.05990005e-01, 4.47500000e+01, 0.,
    -8.85160029e-01, 4.47999992e+01, 0., -8.69679987e-01, 4.48499985e+01,
    0., -8.49960029e-01, 4.49000015e+01, 0., -8.33800018e-01,
    4.49500008e+01, 0., -8.12839985e-01, 45., 0., -7.93079972e-01,
    4.50499992e+01, 0., -7.78959990e-01, 4.50999985e+01, 0.,
    -7.60330021e-01, 4.51500015e+01, 0., -7.41710007e-01, 4.52000008e+01,
    0., -7.28670001e-01, 4.52500000e+01, 0., -7.13540018e-01,
    4.52999992e+01, 0., -7.02139974e-01, 4.53499985e+01, 0.,
    -6.86200023e-01, 4.54000015e+01, 0., -6.69130027e-01, 4.54500008e+01,
    0., -6.54569983e-01, 4.55000000e+01, 0., -6.38109982e-01,
    4.55499992e+01, 0., -6.22439981e-01, 4.55999985e+01, 0.,
    -6.10920012e-01, 4.56500015e+01, 0., -5.94799995e-01, 4.57000008e+01,
    0., -5.78989983e-01, 4.57500000e+01, 0., -5.70949972e-01,
    4.57999992e+01, 0., -5.58690012e-01, 4.58499985e+01, 0.,
    -5.46370029e-01, 4.59000015e+01, 0., -5.31729996e-01, 4.59500008e+01,
    0., -5.18339992e-01, 46., 0., -5.08899987e-01, 4.60499992e+01, 0.,
    -4.97170001e-01, 4.60999985e+01, 0., -4.85560000e-01, 4.61500015e+01,
    0., -4.76280004e-01, 4.62000008e+01, 0., -4.64639992e-01,
    4.62500000e+01, 0., -4.53310013e-01, 4.62999992e+01, 0.,
    -4.45190012e-01, 4.63499985e+01, 0., -4.33739990e-01, 4.64000015e+01,
    0., -4.23020005e-01, 4.64500008e+01, 0., -4.11100000e-01,
    4.65000000e+01, 0., -3.99540007e-01, 4.65499992e+01, 0.,
    -3.90340000e-01, 4.65999985e+01, 0., -3.80650014e-01, 4.66500015e+01,
    0., -3.71309996e-01, 4.67000008e+01, 0., -3.63629997e-01,
    4.67500000e+01, 0., -3.54020000e-01, 4.67999992e+01, 0.,
    -3.44980001e-01, 4.68499985e+01, 0., -3.39579999e-01, 4.69000015e+01,
    0., -3.32260013e-01, 4.69500008e+01, 0., -3.24739993e-01, 47., 0.,
    -3.19339991e-01, 4.70499992e+01, 0., -3.12990010e-01, 4.70999985e+01,
    0., -3.08389992e-01, 4.71500015e+01, 0., -3.02599996e-01,
    4.72000008e+01, 0., -2.96829998e-01, 4.72500000e+01, 0.,
    -2.92230010e-01, 4.72999992e+01, 0., -2.88029999e-01, 4.73499985e+01,
    0., -2.83789992e-01, 4.74000015e+01, 0., -2.79949993e-01,
    4.74500008e+01, 0., -2.75669992e-01, 4.75000000e+01, 0.,
    -2.71129996e-01, 4.75499992e+01, 0., -2.66530007e-01, 4.75999985e+01,
    0., -2.62490004e-01, 4.76500015e+01, 0., -2.59009987e-01,
    4.77000008e+01, 0., -2.54409999e-01, 4.77500000e+01, 0.,
    -2.49229997e-01, 4.77999992e+01, 0., -2.44279996e-01, 4.78499985e+01,
    0., -2.39680007e-01, 4.79000015e+01, 0., -2.34300002e-01,
