%YAML:1.0
---
scan_line: [ 8.52500000e+01, 0., -5.83521986e+00, 8.53000031e+01, 0.,
    -5.79133987e+00, 8.53499985e+01, 0., -5.70258999e+00, 8.54000015e+01,
    0., -5.58511019e+00, 8.54499969e+01, 0., -5.47154999e+00,
    8.55000000e+01, 0., -5.33859015e+00, 8.55500031e+01, 0.,
    -5.21165991e+00, 8.55999985e+01, 0., -5.11026001e+00, 8.56500015e+01,
    0., -4.97287989e+00, 8.56999969e+01, 0., -4.83832979e+00,
    8.57500000e+01, 0., -4.76241016e+00, 8.58000031e+01, 0.,
    -4.57352018e+00, 8.58499985e+01, 0., -4.34957981e+00, 8.59000015e+01,
    0., -4.25894022e+00, 8.59499969e+01, 0., -4.07436991e+00, 86., 0.,
    -3.85805988e+00, 8.60500031e+01, 0., -3.73553991e+00, 8.60999985e+01,
    0., -3.58189988e+00, 8.61500015e+01, 0., -3.43228006e+00,
    8.61999969e+01, 0., -3.32651997e+00, 8.62500000e+01, 0.,
    -3.18505001e+00, 8.63000031e+01, 0., -3.03979993e+00, 8.63499985e+01,
    0., -2.93124008e+00, 8.64000015e+01, 0., -2.81312990e+00,
    8.64499969e+01, 0., -2.70233989e+00, 8.65000000e+01, 0.,
    -2.59945989e+00, 8.65500031e+01, 0., -2.48434997e+00, 8.65999985e+01,
    0., -2.37631011e+00, 8.66500015e+01, 0., -2.28379011e+00,
    8.66999969e+01, 0., -2.16813993e+00, 8.67500000e+01, 0.,
    -2.05183005e+00, 8.68000031e+01, 0., -1.95639002e+00, 8.68499985e+01,
    0., -1.83671999e+00, 8.69000015e+01, 0., -1.72297001e+00,
    8.69499969e+01, 0., -1.63933003e+00, 87., 0., -1.53250003e+00,
    8.70500031e+01, 0., -1.42751002e+00, 8.70999985e+01, 0.,
    -1.34639001e+00, 8.71500015e+01, 0., -1.25417995e+00, 8.71999969e+01,
    0., -1.16477001e+00, 8.72500000e+01, 0., -1.09385002e+00,
    8.73000031e+01, 0., -1.00520003e+00, 8.73499985e+01, 0.,
    -9.17670012e-01, 8.74000015e+01, 0., -8.49030018e-01, 8.74499969e+01,
    0., -7.61740029e-01, 8.75000000e+01, 0., -6.75220013e-01,
    8.75500031e+01, 0., -6.07420027e-01, 8.75999985e+01, 0.,
    -5.28789997e-01, 8.76500015e+01, 0., -4.50969994e-01, 8.76999969e+01,
    0., -3.87809992e-01, 8.77500000e+01, 0., -3.08890015e-01,
    8.78000031e+01, 0., -2.28479996e-01, 8.78499985e+01, 0.,
    -1.62400007e-01, 8.79000015e+01, 0., -8.20999965e-02, 8.79499969e+01,
    0., -1.97999994e-03, 88., 0., 6.25000000e-02, 8.80500031e+01, 0.,
    1.35340005e-01, 8.80999985e+01, 0., 2.07790002e-01, 8.81500015e+01,
    0., 2.67549992e-01, 8.81999969e+01, 0., 3.36870015e-01,
    8.82500000e+01, 0., 4.06340003e-01, 8.83000031e+01, 0.,
    4.63739991e-01, 8.83499985e+01, 0., 5.32440007e-01, 8.84000015e+01,
    0., 5.99179983e-01, 8.84499969e+01, 0., 6.51139975e-01,
    8.85000000e+01, 0., 7.24730015e-01, 8.85500031e+01, 0.,
    7.91710019e-01, 8.85999985e+01, 0., 8.52980018e-01, 8.86500015e+01,
    0., 9.02580023e-01, 8.86999969e+01, 0., 9.63999987e-01,
    8.87500000e+01, 0., 1.02482998e+00, 8.88000031e+01, 0.,
    1.07282996e+00, 8.88499985e+01, 0., 1.13225996e+00, 8.89000015e+01,
    0., 1.19202995e+00, 8.89499969e+01, 0., 1.24219000e+00, 89., 0.,
    1.30316997e+00, 8.90500031e+01, 0., 1.36338997e+00, 8.90999985e+01,
    0., 1.41267002e+00, 8.91500015e+01, 0., 1.47142994e+00,
    8.91999969e+01, 0., 1.52830994e+00, 8.92500000e+01, 0.,
    1.57370996e+00, 8.93000031e+01, 0., 1.62825000e+00, 8.93499985e+01,
    0., 1.68048000e+00, 8.94000015e+01, 0., 1.71980000e+00,
    8.94499969e+01, 0., 1.77230000e+00, 8.95000000e+01, 0.,
    1.82631004e+00, 8.95500031e+01, 0., 1.86706996e+00, 8.95999985e+01,
    0., 1.92309999e+00, 8.96500015e+01, 0., 1.97797000e+00,
    8.96999969e+01, 0., 2.01644993e+00, 8.97500000e+01, 0.,
    2.06754994e+00, 8.98000031e+01, 0., 2.11865997e+00, 8.98499985e+01,
    0., 2.15865993e+00, 8.99000015e+01, 0., 2.20938993e+00,
    8.99499969e+01, 0., 2.26029992e+00, 90., 0., 2.30094004e+00,
    9.00500031e+01, 0., 2.34805989e+00, 9.00999985e+01, 0.,
    2.39496994e+00, 9.01500015e+01, 0., 2.43333006e+00, 9.01999969e+01,
    0., 2.47979999e+00, 9.02500000e+01, 0., 2.52634001e+00,
    9.03000031e+01, 0., 2.56398010e+00, 9.03499985e+01, 0.,
    2.61025000e+00, 9.04000015e+01, 0., 2.65404010e+00, 9.04499969e+01,
    0., 2.68635988e+00, 9.05000000e+01, 0., 2.72609997e+00,
    9.05500031e+01, 0., 2.76993990e+00, 9.05999985e+01, 0.,
    2.81815004e+00, 9.06500015e+01, 0., 2.84970999e+00, 9.06999969e+01,
    0., 2.88970995e+00, 9.07500000e+01, 0., 2.93085003e+00,
    9.08000031e+01, 0., 2.96608996e+00, 9.08499985e+01, 0.,
    3.00564003e+00, 9.09000015e+01, 0., 3.04298997e+00, 9.09499969e+01,
    0., 3.07522988e+00, 91., 0., 3.11721992e+00, 9.10500031e+01, 0.,
    3.15914989e+00, 9.10999985e+01, 0., 3.18911004e+00, 9.11500015e+01,
    0., 3.22550988e+00, 9.11999969e+01, 0., 3.26110005e+00,
    9.12500000e+01, 0., 3.28950000e+00, 9.13000031e+01, 0.,
    3.32450008e+00, 9.13499985e+01, 0., 3.35957003e+00, 9.14000015e+01,
    0., 3.38880992e+00, 9.14499969e+01, 0., 3.43093991e+00,
    9.15000000e+01, 0., 3.47305012e+00, 9.15500031e+01, 0.,
    3.50229001e+00, 9.15999985e+01, 0., 3.53885007e+00, 9.16500015e+01,
    0., 3.57455993e+00, 9.16999969e+01, 0., 3.60211992e+00,
    9.17500000e+01, 0., 3.63597989e+00, 9.18000031e+01, 0.,
    3.66893005e+00, 9.18499985e+01, 0., 3.69432998e+00, 9.19000015e+01,
    0., 3.72837996e+00, 9.19499969e+01, 0., 3.76328993e+00, 92., 0.,
    3.79152989e+00, 9.20500031e+01, 0., 3.82177997e+00, 9.20999985e+01,
    0., 3.85187006e+00, 9.21500015e+01, 0., 3.87726998e+00,
    9.21999969e+01, 0., 3.90750003e+00, 9.22500000e+01, 0.,
    3.94104004e+00, 9.23000031e+01, 0., 3.97799993e+00, 9.23499985e+01,
    0., 4.00112009e+00, 9.24000015e+01, 0., 4.02948999e+00,
    9.24499969e+01, 0., 4.05711985e+00, 9.25000000e+01, 0.,
    4.07800007e+00, 9.25500031e+01, 0., 4.10566998e+00, 9.25999985e+01,
    0., 4.13403988e+00, 9.26500015e+01, 0., 4.15564013e+00,
    9.26999969e+01, 0., 4.18382978e+00, 9.27500000e+01, 0.,
    4.21234989e+00, 9.28000031e+01, 0., 4.23395014e+00, 9.28499985e+01,
    0., 4.26142979e+00, 9.29000015e+01, 0., 4.28924990e+00,
    9.29499969e+01, 0., 4.31161022e+00, 93., 0., 4.33954000e+00,
    9.30500031e+01, 0., 4.36732006e+00, 9.30999985e+01, 0.,
    4.38891983e+00, 9.31500015e+01, 0., 4.41599989e+00, 9.31999969e+01,
    0., 4.44042015e+00, 9.32500000e+01, 0., 4.45665979e+00,
    9.33000031e+01, 0., 4.47631979e+00, 9.33499985e+01, 0.,
    4.49736023e+00, 9.34000015e+01, 0., 4.51596022e+00, 9.34499969e+01,
    0., 4.53845978e+00, 9.35000000e+01, 0., 4.56154013e+00,
    9.35500031e+01, 0., 4.58086014e+00, 9.35999985e+01, 0.,
    4.60647011e+00, 9.36500015e+01, 0., 4.63210011e+00, 9.36999969e+01,
    0., 4.65221977e+00, 9.37500000e+01, 0., 4.67886019e+00,
    9.38000031e+01, 0., 4.70402002e+00, 9.38499985e+01, 0.,
    4.72189999e+00, 9.39000015e+01, 0., 4.74352980e+00, 9.39499969e+01,
    0., 4.76636982e+00, 94., 0., 4.79018021e+00, 9.40500031e+01, 0.,
    4.80581999e+00, 9.40999985e+01, 0., 4.82545996e+00, 9.41500015e+01,
    0., 4.84542990e+00, 9.41999969e+01, 0., 4.86258984e+00,
    9.42500000e+01, 0., 4.88242006e+00, 9.43000031e+01, 0.,
    4.90150976e+00, 9.43499985e+01, 0., 4.91795015e+00, 9.44000015e+01,
    0., 4.93685007e+00, 9.44499969e+01, 0., 4.95493984e+00,
    9.45000000e+01, 0., 4.97066021e+00, 9.45500031e+01, 0.,
    4.98859978e+00, 9.45999985e+01, 0., 5.00559998e+00, 9.46500015e+01,
    0., 5.01976013e+00, 9.46999969e+01, 0., 5.03742981e+00,
    9.47500000e+01, 0., 5.05506992e+00, 9.48000031e+01, 0.,
    5.06914997e+00, 9.48499985e+01, 0., 5.08678007e+00, 9.49000015e+01,
    0., 5.10582018e+00, 9.49499969e+01, 0., 5.12557983e+00, 95., 0.,
    5.14385986e+00, 9.50500031e+01, 0., 5.16130018e+00, 9.50999985e+01,
    0., 5.17609978e+00, 9.51500015e+01, 0., 5.19246006e+00,
    9.51999969e+01, 0., 5.20785999e+00, 9.52500000e+01, 0.,
    5.21969986e+00, 9.53000031e+01, 0., 5.23532009e+00, 9.53499985e+01,
    0., 5.25109005e+00, 9.54000015e+01, 0., 5.26368999e+00,
    9.54499969e+01, 0., 5.28080988e+00, 9.55000000e+01, 0.,
    5.29721022e+00, 9.55500031e+01, 0., 5.30905008e+00, 9.55999985e+01,
    0., 5.32312012e+00, 9.56500015e+01, 0., 5.33666992e+00,
