%YAML:1.0
---
scan_line: [ 9.49999988e-01, 0., -4.54492998e+00, 1., 0.,
    -4.50870991e+00, 1.04999995e+00, 0., -4.47434998e+00, 1.10000002e+00,
    0., -4.43627024e+00, 1.14999998e+00, 0., -4.41174984e+00,
    1.20000005e+00, 0., -4.37884998e+00, 1.25000000e+00, 0.,
    -4.34989023e+00, 1.29999995e+00, 0., -4.31070995e+00, 1.35000002e+00,
    0., -4.27779007e+00, 1.39999998e+00, 0., -4.24526978e+00,
    1.45000005e+00, 0., -4.22394991e+00, 1.50000000e+00, 0.,
    -4.19307995e+00, 1.54999995e+00, 0., -4.16110992e+00, 1.60000002e+00,
    0., -4.13514996e+00, 1.64999998e+00, 0., -4.10323000e+00,
    1.70000005e+00, 0., -4.07847023e+00, 1.75000000e+00, 0.,
    -4.05156994e+00, 1.79999995e+00, 0., -4.03228998e+00, 1.85000002e+00,
    0., -4.00681019e+00, 1.89999998e+00, 0., -3.97944999e+00,
    1.95000005e+00, 0., -3.95276999e+00, 2., 0., -3.92176008e+00,
    2.04999995e+00, 0., -3.89976001e+00, 2.09999990e+00, 0.,
    -3.87037992e+00, 2.15000010e+00, 0., -3.84594011e+00, 2.20000005e+00,
    0., -3.81667995e+00, 2.25000000e+00, 0., -3.79399991e+00,
    2.29999995e+00, 0., -3.76234007e+00, 2.34999990e+00, 0.,
    -3.73189998e+00, 2.40000010e+00, 0., -3.71402001e+00, 2.45000005e+00,
    0., -3.68757010e+00, 2.50000000e+00, 0., -3.66148996e+00,
    2.54999995e+00, 0., -3.63294005e+00, 2.59999990e+00, 0.,
    -3.61233997e+00, 2.65000010e+00, 0., -3.58944011e+00, 2.70000005e+00,
    0., -3.56689000e+00, 2.75000000e+00, 0., -3.54765010e+00,
    2.79999995e+00, 0., -3.52326012e+00, 2.84999990e+00, 0.,
    -3.50334001e+00, 2.90000010e+00, 0., -3.48049998e+00, 2.95000005e+00,
    0., -3.46334004e+00, 3., 0., -3.44095993e+00, 3.04999995e+00, 0.,
    -3.41577005e+00, 3.09999990e+00, 0., -3.39257002e+00, 3.15000010e+00,
    0., -3.36701012e+00, 3.20000005e+00, 0., -3.34849000e+00,
    3.25000000e+00, 0., -3.33210993e+00, 3.29999995e+00, 0.,
    -3.31642008e+00, 3.34999990e+00, 0., -3.30062008e+00, 3.40000010e+00,
    0., -3.27981997e+00, 3.45000005e+00, 0., -3.26198006e+00,
    3.50000000e+00, 0., -3.23891997e+00, 3.54999995e+00, 0.,
    -3.21721005e+00, 3.59999990e+00, 0., -3.20549011e+00, 3.65000010e+00,
    0., -3.19082999e+00, 3.70000005e+00, 0., -3.17911005e+00,
    3.75000000e+00, 0., -3.16435003e+00, 3.79999995e+00, 0.,
    -3.14923000e+00, 3.84999990e+00, 0., -3.13614988e+00, 3.90000010e+00,
    0., -3.11879992e+00, 3.95000005e+00, 0., -3.10384011e+00, 4., 0.,
    -3.08290005e+00, 4.05000019e+00, 0., -3.06158996e+00, 4.09999990e+00,
    0., -3.04506993e+00, 4.15000010e+00, 0., -3.02675009e+00,
    4.19999981e+00, 0., -3.01499009e+00, 4.25000000e+00, 0.,
    -2.99902010e+00, 4.30000019e+00, 0., -2.98416996e+00, 4.34999990e+00,
    0., -2.97856998e+00, 4.40000010e+00, 0., -2.96724010e+00,
    4.44999981e+00, 0., -2.95303988e+00, 4.50000000e+00, 0.,
    -2.93910003e+00, 4.55000019e+00, 0., -2.92633009e+00, 4.59999990e+00,
    0., -2.91685009e+00, 4.65000010e+00, 0., -2.90282011e+00,
    4.69999981e+00, 0., -2.89050007e+00, 4.75000000e+00, 0.,
    -2.87325001e+00, 4.80000019e+00, 0., -2.85885000e+00, 4.84999990e+00,
    0., -2.85128999e+00, 4.90000010e+00, 0., -2.83919001e+00,
    4.94999981e+00, 0., -2.82577991e+00, 5., 0., -2.81617999e+00,
    5.05000019e+00, 0., -2.80418992e+00, 5.09999990e+00, 0.,
    -2.79474998e+00, 5.15000010e+00, 0., -2.77997994e+00, 5.19999981e+00,
    0., -2.76655006e+00, 5.25000000e+00, 0., -2.76251006e+00,
    5.30000019e+00, 0., -2.75580001e+00, 5.34999990e+00, 0.,
    -2.74956012e+00, 5.40000010e+00, 0., -2.74389005e+00, 5.44999981e+00,
    0., -2.73800993e+00, 5.50000000e+00, 0., -2.73240995e+00,
    5.55000019e+00, 0., -2.72332001e+00, 5.59999990e+00, 0.,
    -2.71346998e+00, 5.65000010e+00, 0., -2.70479012e+00, 5.69999981e+00,
    0., -2.69334006e+00, 5.75000000e+00, 0., -2.68259001e+00,
    5.80000019e+00, 0., -2.67771006e+00, 5.84999990e+00, 0.,
    -2.67045999e+00, 5.90000010e+00, 0., -2.66334009e+00, 5.94999981e+00,
    0., -2.65752006e+00, 6., 0., -2.65303993e+00, 6.05000019e+00, 0.,
    -2.65019989e+00, 6.09999990e+00, 0., -2.64633989e+00, 6.15000010e+00,
    0., -2.64203000e+00, 6.19999981e+00, 0., -2.63799000e+00,
    6.25000000e+00, 0., -2.63229990e+00, 6.30000019e+00, 0.,
    -2.62638998e+00, 6.34999990e+00, 0., -2.62214994e+00, 6.40000010e+00,
    0., -2.61732006e+00, 6.44999981e+00, 0., -2.61403990e+00,
    6.50000000e+00, 0., -2.61073995e+00, 6.55000019e+00, 0.,
    -2.60801005e+00, 6.59999990e+00, 0., -2.60632992e+00, 6.65000010e+00,
    0., -2.60301995e+00, 6.69999981e+00, 0., -2.59857011e+00,
    6.75000000e+00, 0., -2.59221005e+00, 6.80000019e+00, 0.,
    -2.58892012e+00, 6.84999990e+00, 0., -2.58871007e+00, 6.90000010e+00,
    0., -2.58855009e+00, 6.94999981e+00, 0., -2.58892012e+00, 7., 0.,
    -2.58947992e+00, 7.05000019e+00, 0., -2.58931994e+00, 7.09999990e+00,
    0., -2.59024000e+00, 7.15000010e+00, 0., -2.59152007e+00,
    7.19999981e+00, 0., -2.59136009e+00, 7.25000000e+00, 0.,
    -2.58994007e+00, 7.30000019e+00, 0., -2.58741999e+00, 7.34999990e+00,
    0., -2.58574009e+00, 7.40000010e+00, 0., -2.58488989e+00,
    7.44999981e+00, 0., -2.58469009e+00, 7.50000000e+00, 0.,
    -2.58439994e+00, 7.55000019e+00, 0., -2.58488989e+00, 7.59999990e+00,
    0., -2.58621001e+00, 7.65000010e+00, 0., -2.58787990e+00,
    7.69999981e+00, 0., -2.58945990e+00, 7.75000000e+00, 0.,
    -2.59062004e+00, 7.80000019e+00, 0., -2.59161997e+00, 7.84999990e+00,
    0., -2.59275007e+00, 7.90000010e+00, 0., -2.59483004e+00,
    7.94999981e+00, 0., -2.60098004e+00, 8., 0., -2.60869002e+00,
    8.05000019e+00, 0., -2.61232996e+00, 8.10000038e+00, 0.,
    -2.61749005e+00, 8.14999962e+00, 0., -2.62289000e+00, 8.19999981e+00,
    0., -2.62652993e+00, 8.25000000e+00, 0., -2.63113999e+00,
    8.30000019e+00, 0., -2.63593006e+00, 8.35000038e+00, 0.,
    -2.64036989e+00, 8.39999962e+00, 0., -2.64597011e+00, 8.44999981e+00,
    0., -2.65116000e+00, 8.50000000e+00, 0., -2.65407991e+00,
    8.55000019e+00, 0., -2.65833998e+00, 8.60000038e+00, 0.,
    -2.66318989e+00, 8.64999962e+00, 0., -2.66771007e+00, 8.69999981e+00,
    0., -2.67456007e+00, 8.75000000e+00, 0., -2.68155003e+00,
    8.80000019e+00, 0., -2.68527007e+00, 8.85000038e+00, 0.,
    -2.69244003e+00, 8.89999962e+00, 0., -2.70103002e+00, 8.94999981e+00,
    0., -2.70762992e+00, 9., 0., -2.71688008e+00, 9.05000019e+00, 0.,
    -2.72635007e+00, 9.10000038e+00, 0., -2.73391008e+00, 9.14999962e+00,
    0., -2.74261999e+00, 9.19999981e+00, 0., -2.75109005e+00,
    9.25000000e+00, 0., -2.75788999e+00, 9.30000019e+00, 0.,
    -2.76564002e+00, 9.35000038e+00, 0., -2.77238011e+00, 9.39999962e+00,
    0., -2.77686000e+00, 9.44999981e+00, 0., -2.78717995e+00,
    9.50000000e+00, 0., -2.79942989e+00, 9.55000019e+00, 0.,
    -2.81018996e+00, 9.60000038e+00, 0., -2.82272005e+00, 9.64999962e+00,
    0., -2.83512998e+00, 9.69999981e+00, 0., -2.84761000e+00,
    9.75000000e+00, 0., -2.85756993e+00, 9.80000019e+00, 0.,
    -2.87278008e+00, 9.85000038e+00, 0., -2.88837004e+00, 9.89999962e+00,
    0., -2.89597011e+00, 9.94999981e+00, 0., -2.91054010e+00, 10., 0.,
    -2.92552996e+00, 1.00500002e+01, 0., -2.93392992e+00, 1.01000004e+01,
    0., -2.94758010e+00, 1.01499996e+01, 0., -2.96240997e+00,
    1.01999998e+01, 0., -2.97468996e+00, 1.02500000e+01, 0.,
    -2.98850989e+00, 1.03000002e+01, 0., -3.00190997e+00, 1.03500004e+01,
    0., -3.01549006e+00, 1.03999996e+01, 0., -3.02696991e+00,
    1.04499998e+01, 0., -3.04063010e+00, 1.05000000e+01, 0.,
    -3.05365992e+00, 1.05500002e+01, 0., -3.06358004e+00, 1.06000004e+01,
    0., -3.07602000e+00, 1.06499996e+01, 0., -3.08932996e+00,
    1.06999998e+01, 0., -3.10273004e+00, 1.07500000e+01, 0.,
    -3.12307000e+00, 1.08000002e+01, 0., -3.14388990e+00, 1.08500004e+01,
    0., -3.16008997e+00, 1.08999996e+01, 0., -3.18395996e+00,
    1.09499998e+01, 0., -3.20769000e+00, 11., 0., -3.22919011e+00,
    1.10500002e+01, 0., -3.24147010e+00, 1.11000004e+01, 0.,
    -3.25702000e+00, 1.11499996e+01, 0., -3.27218008e+00, 1.11999998e+01,
