%YAML:1.0
---
scan_line: [ 3.89000015e+01, 0., 8.93428040e+00, 3.89500008e+01, 0.,
    9.01344013e+00, 39., 0., 9.22299957e+00, 3.90499992e+01, 0.,
    9.41271973e+00, 3.90999985e+01, 0., 9.60243988e+00, 3.91500015e+01,
    0., 9.80109024e+00, 3.92000008e+01, 0., 9.83629036e+00,
    3.92500000e+01, 0., 9.90322971e+00, 3.92999992e+01, 0.,
    9.98427010e+00, 3.93499985e+01, 0., 1.00885897e+01, 3.94000015e+01,
    0., 1.01756697e+01, 3.94500008e+01, 0., 1.02840004e+01,
    3.95000000e+01, 0., 1.03699198e+01, 3.95499992e+01, 0.,
    1.04798203e+01, 3.95999985e+01, 0., 1.05706596e+01, 3.96500015e+01,
    0., 1.06884298e+01, 3.97000008e+01, 0., 1.07875500e+01,
    3.97500000e+01, 0., 1.09039803e+01, 3.97999992e+01, 0.,
    1.09881401e+01, 3.98499985e+01, 0., 1.10934095e+01, 3.99000015e+01,
    0., 1.11778097e+01, 3.99500008e+01, 0., 1.12791405e+01, 40., 0.,
    1.13465405e+01, 4.00499992e+01, 0., 1.14461403e+01, 4.00999985e+01,
    0., 1.15441799e+01, 4.01500015e+01, 0., 1.16569796e+01,
    4.02000008e+01, 0., 1.17354603e+01, 4.02500000e+01, 0.,
    1.18355198e+01, 4.02999992e+01, 0., 1.19177599e+01, 4.03499985e+01,
    0., 1.20227299e+01, 4.04000015e+01, 0., 1.21092100e+01,
    4.04500008e+01, 0., 1.22062998e+01, 4.05000000e+01, 0.,
    1.22706604e+01, 4.05499992e+01, 0., 1.23570700e+01, 4.05999985e+01,
    0., 1.24331903e+01, 4.06500015e+01, 0., 1.25260601e+01,
    4.07000008e+01, 0., 1.25990601e+01, 4.07500000e+01, 0.,
    1.26824102e+01, 4.07999992e+01, 0., 1.27447701e+01, 4.08499985e+01,
    0., 1.28333302e+01, 4.09000015e+01, 0., 1.29062500e+01,
    4.09500008e+01, 0., 1.29941597e+01, 41., 0., 1.30815096e+01,
    4.10499992e+01, 0., 1.31523504e+01, 4.10999985e+01, 0.,
    1.32336597e+01, 4.11500015e+01, 0., 1.32900200e+01, 4.12000008e+01,
    0., 1.33652201e+01, 4.12500000e+01, 0., 1.34310598e+01,
    4.12999992e+01, 0., 1.35091801e+01, 4.13499985e+01, 0.,
    1.35694199e+01, 4.14000015e+01, 0., 1.36440201e+01, 4.14500008e+01,
    0., 1.37190399e+01, 4.15000000e+01, 0., 1.37810802e+01,
    4.15499992e+01, 0., 1.38559198e+01, 4.15999985e+01, 0.,
    1.39124403e+01, 4.16500015e+01, 0., 1.39791603e+01, 4.17000008e+01,
    0., 1.40304403e+01, 4.17500000e+01, 0., 1.40969696e+01,
    4.17999992e+01, 0., 1.41514101e+01, 4.18499985e+01, 0.,
    1.42211103e+01, 4.19000015e+01, 0., 1.42897701e+01, 4.19500008e+01,
    0., 1.43429699e+01, 42., 0., 1.44080696e+01, 4.20499992e+01, 0.,
    1.44593096e+01, 4.20999985e+01, 0., 1.45240297e+01, 4.21500015e+01,
    0., 1.45884304e+01, 4.22000008e+01, 0., 1.46383896e+01,
    4.22500000e+01, 0., 1.46984100e+01, 4.22999992e+01, 0.,
    1.47434502e+01, 4.23499985e+01, 0., 1.48007002e+01, 4.24000015e+01,
    0., 1.48469400e+01, 4.24500008e+01, 0., 1.49064503e+01,
    4.25000000e+01, 0., 1.49646301e+01, 4.25499992e+01, 0.,
    1.50089903e+01, 4.25999985e+01, 0., 1.50631304e+01, 4.26500015e+01,
    0., 1.51056499e+01, 4.27000008e+01, 0., 1.51595001e+01,
    4.27500000e+01, 0., 1.52144804e+01, 4.27999992e+01, 0.,
    1.52616796e+01, 4.28499985e+01, 0., 1.53149204e+01, 4.29000015e+01,
    0., 1.53543997e+01, 4.29500008e+01, 0., 1.54101200e+01, 43., 0.,
    1.54681702e+01, 4.30499992e+01, 0., 1.55155296e+01, 4.30999985e+01,
    0., 1.55706501e+01, 4.31500015e+01, 0., 1.56125298e+01,
    4.32000008e+01, 0., 1.56618099e+01, 4.32500000e+01, 0.,
    1.57124100e+01, 4.32999992e+01, 0., 1.57594900e+01, 4.33499985e+01,
    0., 1.58093796e+01, 4.34000015e+01, 0., 1.58444595e+01,
    4.34500008e+01, 0., 1.59010201e+01, 4.35000000e+01, 0.,
    1.59525299e+01, 4.35499992e+01, 0., 1.59839697e+01, 4.35999985e+01,
    0., 1.60323009e+01, 4.36500015e+01, 0., 1.60832405e+01,
    4.37000008e+01, 0., 1.61128407e+01, 4.37500000e+01, 0.,
    1.61546993e+01, 4.37999992e+01, 0., 1.61940193e+01, 4.38499985e+01,
    0., 1.62352200e+01, 4.39000015e+01, 0., 1.62764492e+01,
    4.39500008e+01, 0., 1.63157291e+01, 44., 0., 1.63584194e+01,
    4.40499992e+01, 0., 1.63891392e+01, 4.40999985e+01, 0.,
    1.64326706e+01, 4.41500015e+01, 0., 1.64763699e+01, 4.42000008e+01,
    0., 1.65100498e+01, 4.42500000e+01, 0., 1.65498009e+01,
    4.42999992e+01, 0., 1.65902195e+01, 4.43499985e+01, 0.,
    1.66266193e+01, 4.44000015e+01, 0., 1.66692295e+01, 4.44500008e+01,
    0., 1.67017097e+01, 4.45000000e+01, 0., 1.67413998e+01,
    4.45499992e+01, 0., 1.67808990e+01, 4.45999985e+01, 0.,
    1.68124599e+01, 4.46500015e+01, 0., 1.68522205e+01, 4.47000008e+01,
    0., 1.68914795e+01, 4.47500000e+01, 0., 1.69209595e+01,
    4.47999992e+01, 0., 1.69583702e+01, 4.48499985e+01, 0.,
    1.69948807e+01, 4.49000015e+01, 0., 1.70200806e+01, 4.49500008e+01,
    0., 1.70523796e+01, 45., 0., 1.70790997e+01, 4.50499992e+01, 0.,
    1.71152592e+01, 4.50999985e+01, 0., 1.71508694e+01, 4.51500015e+01,
    0., 1.71778297e+01, 4.52000008e+01, 0., 1.72108402e+01,
    4.52500000e+01, 0., 1.72438793e+01, 4.52999992e+01, 0.,
    1.72719193e+01, 4.53499985e+01, 0., 1.73090496e+01, 4.54000015e+01,
    0., 1.73459492e+01, 4.54500008e+01, 0., 1.73704700e+01,
    4.55000000e+01, 0., 1.74025593e+01, 4.55499992e+01, 0.,
    1.74298801e+01, 4.55999985e+01, 0., 1.74668102e+01, 4.56500015e+01,
    0., 1.75016499e+01, 4.57000008e+01, 0., 1.75262508e+01,
    4.57500000e+01, 0., 1.75576897e+01, 4.57999992e+01, 0.,
    1.75900803e+01, 4.58499985e+01, 0., 1.76169205e+01, 4.59000015e+01,
    0., 1.76487694e+01, 4.59500008e+01, 0., 1.76796894e+01, 46., 0.,
    1.77049294e+01, 4.60499992e+01, 0., 1.77349796e+01, 4.60999985e+01,
    0., 1.77641296e+01, 4.61500015e+01, 0., 1.77879295e+01,
    4.62000008e+01, 0., 1.78137093e+01, 4.62500000e+01, 0.,
    1.78321896e+01, 4.62999992e+01, 0., 1.78586597e+01, 4.63499985e+01,
    0., 1.78883305e+01, 4.64000015e+01, 0., 1.79148502e+01,
    4.64500008e+01, 0., 1.79460106e+01, 4.65000000e+01, 0.,
    1.79753399e+01, 4.65499992e+01, 0., 1.79971409e+01, 4.65999985e+01,
    0., 1.80236797e+01, 4.66500015e+01, 0., 1.80514107e+01,
    4.67000008e+01, 0., 1.80751305e+01, 4.67500000e+01, 0.,
    1.80989399e+01, 4.67999992e+01, 0., 1.81219292e+01, 4.68499985e+01,
    0., 1.81423302e+01, 4.69000015e+01, 0., 1.81678505e+01,
    4.69500008e+01, 0., 1.81936703e+01, 47., 0., 1.82153492e+01,
    4.70499992e+01, 0., 1.82409496e+01, 4.70999985e+01, 0.,
    1.82649193e+01, 4.71500015e+01, 0., 1.82818794e+01, 4.72000008e+01,
    0., 1.83046608e+01, 4.72500000e+01, 0., 1.83282795e+01,
    4.72999992e+01, 0., 1.83465996e+01, 4.73499985e+01, 0.,
    1.83704891e+01, 4.74000015e+01, 0., 1.83943596e+01, 4.74500008e+01,
    0., 1.84113197e+01, 4.75000000e+01, 0., 1.84320202e+01,
    4.75499992e+01, 0., 1.84520493e+01, 4.75999985e+01, 0.,
    1.84669704e+01, 4.76500015e+01, 0., 1.84871807e+01, 4.77000008e+01,
    0., 1.85085907e+01, 4.77500000e+01, 0., 1.85261898e+01,
    4.77999992e+01, 0., 1.85487709e+01, 4.78499985e+01, 0.,
    1.85714092e+01, 4.79000015e+01, 0., 1.85884094e+01, 4.79500008e+01,
    0., 1.86096897e+01, 48., 0., 1.86313496e+01, 4.80499992e+01, 0.,
    1.86497498e+01, 4.80999985e+01, 0., 1.86726894e+01, 4.81500015e+01,
    0., 1.86946392e+01, 4.82000008e+01, 0., 1.87089596e+01,
    4.82500000e+01, 0., 1.87263203e+01, 4.82999992e+01, 0.,
    1.87430191e+01, 4.83499985e+01, 0., 1.87552605e+01, 4.84000015e+01,
    0., 1.87730808e+01, 4.84500008e+01, 0., 1.87924194e+01,
    4.85000000e+01, 0., 1.88073406e+01, 4.85499992e+01, 0.,
    1.88274593e+01, 4.85999985e+01, 0., 1.88480797e+01, 4.86500015e+01,
    0., 1.88629608e+01, 4.87000008e+01, 0., 1.88785400e+01,
    4.87500000e+01, 0., 1.88920898e+01, 4.87999992e+01, 0.,
    1.89028893e+01, 4.88499985e+01, 0., 1.89174500e+01, 4.89000015e+01,
    0., 1.89325104e+01, 4.89500008e+01, 0., 1.89439907e+01, 49., 0.,
    1.89573402e+01, 4.90499992e+01, 0., 1.89708691e+01, 4.90999985e+01,
    0., 1.89843502e+01, 4.91500015e+01, 0., 1.89986801e+01,
    4.92000008e+01, 0., 1.90119896e+01, 4.92500000e+01, 0.,
    1.90245895e+01, 4.92999992e+01, 0., 1.90385609e+01, 4.93499985e+01,
    0., 1.90510597e+01, 4.94000015e+01, 0., 1.90598202e+01,
