%YAML:1.0
---
scan_line: [ 7.38000031e+01, 0., 1.11619101e+01, 7.38499985e+01, 0.,
    1.11844301e+01, 7.39000015e+01, 0., 1.11628704e+01, 7.39499969e+01,
    0., 1.11886797e+01, 74., 0., 1.12663202e+01, 7.40500031e+01, 0.,
    1.13747196e+01, 7.40999985e+01, 0., 1.15040998e+01, 7.41500015e+01,
    0., 1.16285400e+01, 7.41999969e+01, 0., 1.17251797e+01,
    7.42500000e+01, 0., 1.18336897e+01, 7.43000031e+01, 0.,
    1.19311800e+01, 7.43499985e+01, 0., 1.20001001e+01, 7.44000015e+01,
    0., 1.20940399e+01, 7.44499969e+01, 0., 1.21784401e+01,
    7.45000000e+01, 0., 1.22859497e+01, 7.45500031e+01, 0.,
    1.24066601e+01, 7.45999985e+01, 0., 1.25184202e+01, 7.46500015e+01,
    0., 1.26664696e+01, 7.46999969e+01, 0., 1.27861795e+01,
    7.47500000e+01, 0., 1.28453798e+01, 7.48000031e+01, 0.,
    1.29558897e+01, 7.48499985e+01, 0., 1.30839396e+01, 7.49000015e+01,
    0., 1.31648598e+01, 7.49499969e+01, 0., 1.32612000e+01, 75., 0.,
    1.33585596e+01, 7.50500031e+01, 0., 1.34498396e+01, 7.50999985e+01,
    0., 1.35486698e+01, 7.51500015e+01, 0., 1.36387997e+01,
    7.51999969e+01, 0., 1.37158804e+01, 7.52500000e+01, 0.,
    1.38106499e+01, 7.53000031e+01, 0., 1.39076204e+01, 7.53499985e+01,
    0., 1.39957800e+01, 7.54000015e+01, 0., 1.40802298e+01,
    7.54499969e+01, 0., 1.41340303e+01, 7.55000000e+01, 0.,
    1.42201204e+01, 7.55500031e+01, 0., 1.43028202e+01, 7.55999985e+01,
    0., 1.43592596e+01, 7.56500015e+01, 0., 1.44493704e+01,
    7.56999969e+01, 0., 1.45338497e+01, 7.57500000e+01, 0.,
    1.45888500e+01, 7.58000031e+01, 0., 1.46610298e+01, 7.58499985e+01,
    0., 1.47315903e+01, 7.59000015e+01, 0., 1.47850704e+01,
    7.59499969e+01, 0., 1.48561602e+01, 76., 0., 1.49261398e+01,
    7.60500031e+01, 0., 1.49795399e+01, 7.60999985e+01, 0.,
    1.50498695e+01, 7.61500015e+01, 0., 1.51195803e+01, 7.61999969e+01,
    0., 1.51736202e+01, 7.62500000e+01, 0., 1.52559099e+01,
    7.63000031e+01, 0., 1.53266897e+01, 7.63499985e+01, 0.,
    1.53881998e+01, 7.64000015e+01, 0., 1.54401197e+01, 7.64499969e+01,
    0., 1.55045700e+01, 7.65000000e+01, 0., 1.55664196e+01,
    7.65500031e+01, 0., 1.56086197e+01, 7.65999985e+01, 0.,
    1.56613703e+01, 7.66500015e+01, 0., 1.57135696e+01, 7.66999969e+01,
    0., 1.57535696e+01, 7.67500000e+01, 0., 1.58041496e+01,
    7.68000031e+01, 0., 1.58567801e+01, 7.68499985e+01, 0.,
    1.59042597e+01, 7.69000015e+01, 0., 1.59626904e+01, 7.69499969e+01,
    0., 1.60198708e+01, 77., 0., 1.60637894e+01, 7.70500031e+01, 0.,
    1.61136799e+01, 7.70999985e+01, 0., 1.61628399e+01, 7.71500015e+01,
    0., 1.62108002e+01, 7.71999969e+01, 0., 1.62613201e+01,
    7.72500000e+01, 0., 1.63114491e+01, 7.73000031e+01, 0.,
    1.63538895e+01, 7.73499985e+01, 0., 1.64023094e+01, 7.74000015e+01,
    0., 1.64480896e+01, 7.74499969e+01, 0., 1.64829292e+01,
    7.75000000e+01, 0., 1.65260201e+01, 7.75500031e+01, 0.,
    1.65696201e+01, 7.75999985e+01, 0., 1.66053009e+01, 7.76500015e+01,
    0., 1.66504898e+01, 7.76999969e+01, 0., 1.66984692e+01,
    7.77500000e+01, 0., 1.67480907e+01, 7.78000031e+01, 0.,
    1.67801704e+01, 7.78499985e+01, 0., 1.68178101e+01, 7.79000015e+01,
    0., 1.68549595e+01, 7.79499969e+01, 0., 1.68885193e+01, 78., 0.,
    1.69304295e+01, 7.80500031e+01, 0., 1.69716492e+01, 7.80999985e+01,
    0., 1.70024891e+01, 7.81500015e+01, 0., 1.70461102e+01,
    7.81999969e+01, 0., 1.70897102e+01, 7.82500000e+01, 0.,
    1.71205101e+01, 7.83000031e+01, 0., 1.71542797e+01, 7.83499985e+01,
    0., 1.71872196e+01, 7.84000015e+01, 0., 1.72139397e+01,
    7.84499969e+01, 0., 1.72493401e+01, 7.85000000e+01, 0.,
    1.72852592e+01, 7.85500031e+01, 0., 1.73139801e+01, 7.85999985e+01,
    0., 1.73538494e+01, 7.86500015e+01, 0., 1.73946991e+01,
    7.86999969e+01, 0., 1.74337006e+01, 7.87500000e+01, 0.,
    1.74589005e+01, 7.88000031e+01, 0., 1.74909992e+01, 7.88499985e+01,
    0., 1.75225391e+01, 7.89000015e+01, 0., 1.75450191e+01,
    7.89499969e+01, 0., 1.75788994e+01, 79., 0., 1.76124001e+01,
    7.90500031e+01, 0., 1.76341991e+01, 7.90999985e+01, 0.,
    1.76621609e+01, 7.91500015e+01, 0., 1.76929398e+01, 7.91999969e+01,
    0., 1.77207394e+01, 7.92500000e+01, 0., 1.77521706e+01,
    7.93000031e+01, 0., 1.77844505e+01, 7.93499985e+01, 0.,
    1.78171406e+01, 7.94000015e+01, 0., 1.78368206e+01, 7.94499969e+01,
    0., 1.78623295e+01, 7.95000000e+01, 0., 1.78879604e+01,
    7.95500031e+01, 0., 1.79069195e+01, 7.95999985e+01, 0.,
    1.79336109e+01, 7.96500015e+01, 0., 1.79609604e+01, 7.96999969e+01,
    0., 1.79812794e+01, 7.97500000e+01, 0., 1.80085602e+01,
    7.98000031e+01, 0., 1.80347004e+01, 7.98499985e+01, 0.,
    1.80536194e+01, 7.99000015e+01, 0., 1.80786591e+01, 7.99499969e+01,
    0., 1.81045399e+01, 80., 0., 1.81302509e+01, 8.00500031e+01, 0.,
    1.81478100e+01, 8.00999985e+01, 0., 1.81697006e+01, 8.01500015e+01,
    0., 1.81912498e+01, 8.01999969e+01, 0., 1.82074509e+01,
    8.02500000e+01, 0., 1.82291298e+01, 8.03000031e+01, 0.,
    1.82518291e+01, 8.03499985e+01, 0., 1.82700291e+01, 8.04000015e+01,
    0., 1.82928295e+01, 8.04499969e+01, 0., 1.83169308e+01,
    8.05000000e+01, 0., 1.83377705e+01, 8.05500031e+01, 0.,
    1.83610802e+01, 8.05999985e+01, 0., 1.83817596e+01, 8.06500015e+01,
    0., 1.84006596e+01, 8.06999969e+01, 0., 1.84141006e+01,
    8.07500000e+01, 0., 1.84325104e+01, 8.08000031e+01, 0.,
    1.84525394e+01, 8.08499985e+01, 0., 1.84705791e+01, 8.09000015e+01,
    0., 1.84913292e+01, 8.09499969e+01, 0., 1.85102501e+01, 81., 0.,
    1.85237293e+01, 8.10500031e+01, 0., 1.85399208e+01, 8.10999985e+01,
    0., 1.85569897e+01, 8.11500015e+01, 0., 1.85751209e+01,
    8.11999969e+01, 0., 1.85878792e+01, 8.12500000e+01, 0.,
    1.86028595e+01, 8.13000031e+01, 0., 1.86180191e+01, 8.13499985e+01,
    0., 1.86328201e+01, 8.14000015e+01, 0., 1.86502209e+01,
    8.14499969e+01, 0., 1.86655903e+01, 8.15000000e+01, 0.,
    1.86763096e+01, 8.15500031e+01, 0., 1.86897697e+01, 8.15999985e+01,
    0., 1.87039108e+01, 8.16500015e+01, 0., 1.87159901e+01,
    8.16999969e+01, 0., 1.87323704e+01, 8.17500000e+01, 0.,
    1.87491302e+01, 8.18000031e+01, 0., 1.87659492e+01, 8.18499985e+01,
    0., 1.87793503e+01, 8.19000015e+01, 0., 1.87921104e+01,
    8.19499969e+01, 0., 1.88022594e+01, 82., 0., 1.88107796e+01,
    8.20500031e+01, 0., 1.88189201e+01, 8.20999985e+01, 0.,
    1.88270798e+01, 8.21500015e+01, 0., 1.88344002e+01, 8.21999969e+01,
    0., 1.88435802e+01, 8.22500000e+01, 0., 1.88541698e+01,
    8.23000031e+01, 0., 1.88659992e+01, 8.23499985e+01, 0.,
    1.88726807e+01, 8.24000015e+01, 0., 1.88805199e+01, 8.24499969e+01,
    0., 1.88886604e+01, 8.25000000e+01, 0., 1.88972206e+01,
    8.25500031e+01, 0., 1.89080696e+01, 8.25999985e+01, 0.,
    1.89189606e+01, 8.26500015e+01, 0., 1.89276009e+01, 8.26999969e+01,
    0., 1.89391594e+01, 8.27500000e+01, 0., 1.89512901e+01,
    8.28000031e+01, 0., 1.89631195e+01, 8.28499985e+01, 0.,
    1.89697609e+01, 8.29000015e+01, 0., 1.89776096e+01, 8.29499969e+01,
    0., 1.89846001e+01, 83., 0., 1.89885197e+01, 8.30500031e+01, 0.,
    1.89939899e+01, 8.30999985e+01, 0., 1.89984493e+01, 8.31500015e+01,
    0., 1.90003700e+01, 8.31999969e+01, 0., 1.90014801e+01,
    8.32500000e+01, 0., 1.90022507e+01, 8.33000031e+01, 0.,
    1.90028496e+01, 8.33499985e+01, 0., 1.90046196e+01, 8.34000015e+01,
    0., 1.90084305e+01, 8.34499969e+01, 0., 1.90130005e+01,
    8.35000000e+01, 0., 1.90149994e+01, 8.35500031e+01, 0.,
    1.90195408e+01, 8.35999985e+01, 0., 1.90251007e+01, 8.36500015e+01,
    0., 1.90291004e+01, 8.36999969e+01, 0., 1.90321598e+01,
    8.37500000e+01, 0., 1.90339794e+01, 8.38000031e+01, 0.,
    1.90346203e+01, 8.38499985e+01, 0., 1.90356197e+01, 8.39000015e+01,
    0., 1.90365696e+01, 8.39499969e+01, 0., 1.90378304e+01, 84., 0.,
    1.90399094e+01, 8.40500031e+01, 0., 1.90405502e+01, 8.40999985e+01,
    0., 1.90395794e+01, 8.41500015e+01, 0., 1.90381393e+01,
    8.41999969e+01, 0., 1.90378208e+01, 8.42500000e+01, 0.,
