%YAML:1.0
---
scan_line: [ 5.69999981e+00, 0., 9.22064018e+00, 5.75000000e+00, 0.,
    9.26692009e+00, 5.80000019e+00, 0., 9.29738045e+00, 5.84999990e+00,
    0., 9.35033035e+00, 5.90000010e+00, 0., 9.42792988e+00,
    5.94999981e+00, 0., 9.50553036e+00, 6., 0., 9.60315990e+00,
    6.05000019e+00, 0., 9.68148041e+00, 6.09999990e+00, 0.,
    9.77719975e+00, 6.15000010e+00, 0., 9.84652042e+00, 6.19999981e+00,
    0., 9.91584015e+00, 6.25000000e+00, 0., 1.00083904e+01,
    6.30000019e+00, 0., 1.00855103e+01, 6.34999990e+00, 0.,
    1.01765699e+01, 6.40000010e+00, 0., 1.02428904e+01, 6.44999981e+00,
    0., 1.03092098e+01, 6.50000000e+00, 0., 1.03956299e+01,
    6.55000019e+00, 0., 1.04654303e+01, 6.59999990e+00, 0.,
    1.05511103e+01, 6.65000010e+00, 0., 1.06187897e+01, 6.69999981e+00,
    0., 1.07085304e+01, 6.75000000e+00, 0., 1.07864103e+01,
    6.80000019e+00, 0., 1.08642902e+01, 6.84999990e+00, 0.,
    1.09513397e+01, 6.90000010e+00, 0., 1.10153399e+01, 6.94999981e+00,
    0., 1.10913200e+01, 7., 0., 1.11472397e+01, 7.05000019e+00, 0.,
    1.12212000e+01, 7.09999990e+00, 0., 1.12930403e+01, 7.15000010e+00,
    0., 1.13648796e+01, 7.19999981e+00, 0., 1.14135599e+01,
    7.25000000e+00, 0., 1.14643002e+01, 7.30000019e+00, 0.,
    1.15444202e+01, 7.34999990e+00, 0., 1.16245403e+01, 7.40000010e+00,
    0., 1.17107296e+01, 7.44999981e+00, 0., 1.17628498e+01,
    7.50000000e+00, 0., 1.18252697e+01, 7.55000019e+00, 0.,
    1.18718300e+01, 7.59999990e+00, 0., 1.19317398e+01, 7.65000010e+00,
    0., 1.19816599e+01, 7.69999981e+00, 0., 1.20523500e+01,
    7.75000000e+00, 0., 1.21187897e+01, 7.80000019e+00, 0.,
    1.21913500e+01, 7.84999990e+00, 0., 1.22367096e+01, 7.90000010e+00,
    0., 1.22923803e+01, 7.94999981e+00, 0., 1.23356199e+01, 8., 0.,
    1.23973503e+01, 8.05000019e+00, 0., 1.24559498e+01, 8.10000038e+00,
    0., 1.25245104e+01, 8.14999962e+00, 0., 1.25737104e+01,
    8.19999981e+00, 0., 1.26352196e+01, 8.25000000e+00, 0.,
    1.26842604e+01, 8.30000019e+00, 0., 1.27446404e+01, 8.35000038e+00,
    0., 1.27899199e+01, 8.39999962e+00, 0., 1.28481798e+01,
    8.44999981e+00, 0., 1.29000196e+01, 8.50000000e+00, 0.,
    1.29625797e+01, 8.55000019e+00, 0., 1.30052605e+01, 8.60000038e+00,
    0., 1.30563803e+01, 8.64999962e+00, 0., 1.30944595e+01,
    8.69999981e+00, 0., 1.31450195e+01, 8.75000000e+00, 0.,
    1.31888599e+01, 8.80000019e+00, 0., 1.32402201e+01, 8.85000038e+00,
    0., 1.32793798e+01, 8.89999962e+00, 0., 1.33371096e+01,
    8.94999981e+00, 0., 1.33879099e+01, 9., 0., 1.34466496e+01,
    9.05000019e+00, 0., 1.34926500e+01, 9.10000038e+00, 0.,
    1.35405598e+01, 9.14999962e+00, 0., 1.35769196e+01, 9.19999981e+00,
    0., 1.36285400e+01, 9.25000000e+00, 0., 1.36804399e+01,
    9.30000019e+00, 0., 1.37178802e+01, 9.35000038e+00, 0.,
    1.37631798e+01, 9.39999962e+00, 0., 1.37946196e+01, 9.44999981e+00,
    0., 1.38386202e+01, 9.50000000e+00, 0., 1.38794603e+01,
    9.55000019e+00, 0., 1.39257698e+01, 9.60000038e+00, 0.,
    1.39602499e+01, 9.64999962e+00, 0., 1.40090303e+01, 9.69999981e+00,
    0., 1.40571499e+01, 9.75000000e+00, 0., 1.40888300e+01,
    9.80000019e+00, 0., 1.41307497e+01, 9.85000038e+00, 0.,
    1.41714296e+01, 9.89999962e+00, 0., 1.42197504e+01, 9.94999981e+00,
    0., 1.42553501e+01, 10., 0., 1.42971601e+01, 1.00500002e+01, 0.,
    1.43290796e+01, 1.01000004e+01, 0., 1.43683901e+01, 1.01499996e+01,
    0., 1.44084501e+01, 1.01999998e+01, 0., 1.44433298e+01,
    1.02500000e+01, 0., 1.44856997e+01, 1.03000002e+01, 0.,
    1.45180197e+01, 1.03500004e+01, 0., 1.45561705e+01, 1.03999996e+01,
    0., 1.45854902e+01, 1.04499998e+01, 0., 1.46247396e+01,
    1.05000000e+01, 0., 1.46566200e+01, 1.05500002e+01, 0.,
    1.46904497e+01, 1.06000004e+01, 0., 1.47254601e+01, 1.06499996e+01,
    0., 1.47566204e+01, 1.06999998e+01, 0., 1.47964497e+01,
    1.07500000e+01, 0., 1.48286896e+01, 1.08000002e+01, 0.,
    1.48643103e+01, 1.08500004e+01, 0., 1.48984499e+01, 1.08999996e+01,
    0., 1.49247704e+01, 1.09499998e+01, 0., 1.49570103e+01, 11., 0.,
    1.49819298e+01, 1.10500002e+01, 0., 1.50190897e+01, 1.11000004e+01,
    0., 1.50579500e+01, 1.11499996e+01, 0., 1.50818300e+01,
    1.11999998e+01, 0., 1.51137600e+01, 1.12500000e+01, 0.,
    1.51417198e+01, 1.13000002e+01, 0., 1.51763401e+01, 1.13500004e+01,
    0., 1.52038603e+01, 1.13999996e+01, 0., 1.52376900e+01,
    1.14499998e+01, 0., 1.52705097e+01, 1.15000000e+01, 0.,
    1.52941103e+01, 1.15500002e+01, 0., 1.53220301e+01, 1.16000004e+01,
    0., 1.53434696e+01, 1.16499996e+01, 0., 1.53733101e+01,
    1.16999998e+01, 0., 1.54038296e+01, 1.17500000e+01, 0.,
    1.54281101e+01, 1.18000002e+01, 0., 1.54572401e+01, 1.18500004e+01,
    0., 1.54798403e+01, 1.18999996e+01, 0., 1.55120497e+01,
    1.19499998e+01, 0., 1.55441599e+01, 12., 0., 1.55685596e+01,
    1.20500002e+01, 0., 1.55952997e+01, 1.21000004e+01, 0.,
    1.56146603e+01, 1.21499996e+01, 0., 1.56418505e+01, 1.21999998e+01,
    0., 1.56686602e+01, 1.22500000e+01, 0., 1.56887798e+01,
    1.23000002e+01, 0., 1.57150402e+01, 1.23500004e+01, 0.,
    1.57413902e+01, 1.23999996e+01, 0., 1.57601900e+01, 1.24499998e+01,
    0., 1.57854700e+01, 1.25000000e+01, 0., 1.58077898e+01,
    1.25500002e+01, 0., 1.58317204e+01, 1.26000004e+01, 0.,
    1.58570404e+01, 1.26499996e+01, 0., 1.58848801e+01, 1.26999998e+01,
    0., 1.59138699e+01, 1.27500000e+01, 0., 1.59339104e+01,
    1.28000002e+01, 0., 1.59605503e+01, 1.28500004e+01, 0.,
    1.59856300e+01, 1.28999996e+01, 0., 1.60033092e+01, 1.29499998e+01,
    0., 1.60309696e+01, 13., 0., 1.60596905e+01, 1.30500002e+01, 0.,
    1.60742893e+01, 1.31000004e+01, 0., 1.60912704e+01, 1.31499996e+01,
    0., 1.61041107e+01, 1.31999998e+01, 0., 1.61276093e+01,
    1.32500000e+01, 0., 1.61484108e+01, 1.33000002e+01, 0.,
    1.61596508e+01, 1.33500004e+01, 0., 1.61777802e+01, 1.33999996e+01,
    0., 1.61977806e+01, 1.34499998e+01, 0., 1.62165394e+01,
    1.35000000e+01, 0., 1.62390308e+01, 1.35500002e+01, 0.,
    1.62609406e+01, 1.36000004e+01, 0., 1.62786198e+01, 1.36499996e+01,
    0., 1.62989006e+01, 1.36999998e+01, 0., 1.63129005e+01,
    1.37500000e+01, 0., 1.63366108e+01, 1.38000002e+01, 0.,
    1.63611393e+01, 1.38500004e+01, 0., 1.63799000e+01, 1.38999996e+01,
    0., 1.64018593e+01, 1.39499998e+01, 0., 1.64221992e+01, 14., 0.,
    1.64367599e+01, 1.40500002e+01, 0., 1.64513893e+01, 1.41000004e+01,
    0., 1.64635601e+01, 1.41499996e+01, 0., 1.64732399e+01,
    1.41999998e+01, 0., 1.64888706e+01, 1.42500000e+01, 0.,
    1.65054703e+01, 1.43000002e+01, 0., 1.65221500e+01, 1.43500004e+01,
    0., 1.65381393e+01, 1.43999996e+01, 0., 1.65513401e+01,
    1.44499998e+01, 0., 1.65672493e+01, 1.45000000e+01, 0.,
    1.65826302e+01, 1.45500002e+01, 0., 1.65945091e+01, 1.46000004e+01,
    0., 1.66091309e+01, 1.46499996e+01, 0., 1.66241207e+01,
    1.46999998e+01, 0., 1.66373997e+01, 1.47500000e+01, 0.,
    1.66550503e+01, 1.48000002e+01, 0., 1.66728802e+01, 1.48500004e+01,
    0., 1.66854401e+01, 1.48999996e+01, 0., 1.67006302e+01,
    1.49499998e+01, 0., 1.67154999e+01, 15., 0., 1.67273808e+01,
    1.50500002e+01, 0., 1.67388897e+01, 1.51000004e+01, 0.,
    1.67462902e+01, 1.51499996e+01, 0., 1.67600193e+01, 1.51999998e+01,
    0., 1.67748909e+01, 1.52500000e+01, 0., 1.67867699e+01,
    1.53000002e+01, 0., 1.68002892e+01, 1.53500004e+01, 0.,
    1.68148003e+01, 1.53999996e+01, 0., 1.68280392e+01, 1.54499998e+01,
    0., 1.68391094e+01, 1.55000000e+01, 0., 1.68487892e+01,
    1.55500002e+01, 0., 1.68565102e+01, 1.56000004e+01, 0.,
    1.68668709e+01, 1.56499996e+01, 0., 1.68773899e+01, 1.56999998e+01,
    0., 1.68857899e+01, 1.57500000e+01, 0., 1.68935509e+01,
    1.58000002e+01, 0., 1.69030609e+01, 1.58500004e+01, 0.,
    1.69135399e+01, 1.58999996e+01, 0., 1.69246101e+01, 1.59499998e+01,
    0., 1.69341793e+01, 16., 0., 1.69405804e+01, 1.60499992e+01, 0.,
    1.69507008e+01, 1.61000004e+01, 0., 1.69613800e+01, 1.61499996e+01,
    0., 1.69699001e+01, 1.62000008e+01, 0., 1.69813309e+01,
