%YAML:1.0
---
scan_line: [ 1.25500002e+01, 0., -1.67269993e+01, 1.26000004e+01, 0.,
    -1.66789608e+01, 1.27500000e+01, 0., -1.62027798e+01, 1.28000002e+01,
    0., -1.60267391e+01, 1.29499998e+01, 0., -1.54936104e+01, 13., 0.,
    -1.54740105e+01, 1.30500002e+01, 0., -1.54073801e+01, 1.31000004e+01,
    0., -1.53035402e+01, 1.31499996e+01, 0., -1.51997004e+01,
    1.31999998e+01, 0., -1.50523701e+01, 1.32500000e+01, 0.,
    -1.49135704e+01, 1.33000002e+01, 0., -1.47747698e+01, 1.33500004e+01,
    0., -1.46359701e+01, 1.33999996e+01, 0., -1.44879103e+01,
    1.34499998e+01, 0., -1.44001503e+01, 1.35000000e+01, 0.,
    -1.43123903e+01, 1.35500002e+01, 0., -1.41852398e+01, 1.36000004e+01,
    0., -1.40742397e+01, 1.36499996e+01, 0., -1.39632397e+01,
    1.36999998e+01, 0., -1.38206100e+01, 1.37500000e+01, 0.,
    -1.37045298e+01, 1.38000002e+01, 0., -1.35884504e+01, 1.38500004e+01,
    0., -1.34490004e+01, 1.38999996e+01, 0., -1.33444796e+01,
    1.39499998e+01, 0., -1.32399597e+01, 14., 0., -1.31130304e+01,
    1.40500002e+01, 0., -1.30160704e+01, 1.41000004e+01, 0.,
    -1.29191103e+01, 1.41499996e+01, 0., -1.27987099e+01, 1.41999998e+01,
    0., -1.27028704e+01, 1.42500000e+01, 0., -1.26070299e+01,
    1.43000002e+01, 0., -1.24964600e+01, 1.43500004e+01, 0.,
    -1.24099398e+01, 1.43999996e+01, 0., -1.22999697e+01, 1.44499998e+01,
    0., -1.22064505e+01, 1.45000000e+01, 0., -1.21129303e+01,
    1.45500002e+01, 0., -1.19944201e+01, 1.46000004e+01, 0.,
    -1.18977003e+01, 1.46499996e+01, 0., -1.18009796e+01, 1.46999998e+01,
    0., -1.16829300e+01, 1.47500000e+01, 0., -1.15900497e+01,
    1.48000002e+01, 0., -1.14747896e+01, 1.48500004e+01, 0.,
    -1.13854704e+01, 1.48999996e+01, 0., -1.12961502e+01, 1.49499998e+01,
    0., -1.11802397e+01, 15., 0., -1.10824804e+01, 1.50500002e+01, 0.,
    -1.09847202e+01, 1.51000004e+01, 0., -1.08769197e+01, 1.51499996e+01,
    0., -1.07936001e+01, 1.51999998e+01, 0., -1.06894302e+01,
    1.52500000e+01, 0., -1.06064301e+01, 1.53000002e+01, 0.,
    -1.05234299e+01, 1.53500004e+01, 0., -1.04095697e+01, 1.53999996e+01,
    0., -1.03131704e+01, 1.54499998e+01, 0., -1.01983900e+01,
    1.55000000e+01, 0., -1.01249504e+01, 1.55500002e+01, 0.,
    -1.00515099e+01, 1.56000004e+01, 0., -9.95458031e+00, 1.56499996e+01,
    0., -9.87602043e+00, 1.56999998e+01, 0., -9.77367020e+00,
    1.57500000e+01, 0., -9.68694973e+00, 1.58000002e+01, 0.,
    -9.60023022e+00, 1.58500004e+01, 0., -9.50794029e+00, 1.58999996e+01,
    0., -9.43737984e+00, 1.59499998e+01, 0., -9.34564972e+00, 16., 0.,
    -9.26817036e+00, 1.60499992e+01, 0., -9.17121029e+00, 1.61000004e+01,
    0., -9.09364986e+00, 1.61499996e+01, 0., -9.01609039e+00,
    1.62000008e+01, 0., -8.91641045e+00, 1.62500000e+01, 0.,
    -8.83520985e+00, 1.62999992e+01, 0., -8.73171997e+00, 1.63500004e+01,
    0., -8.64671993e+00, 1.63999996e+01, 0., -8.56171989e+00,
    1.64500008e+01, 0., -8.48132992e+00, 1.65000000e+01, 0.,
    -8.42228985e+00, 1.65499992e+01, 0., -8.33623981e+00, 1.66000004e+01,
    0., -8.26091957e+00, 1.66499996e+01, 0., -8.17206001e+00,
    1.67000008e+01, 0., -8.10746002e+00, 1.67500000e+01, 0.,
    -8.02597046e+00, 1.67999992e+01, 0., -7.95857000e+00, 1.68500004e+01,
    0., -7.87417984e+00, 1.68999996e+01, 0., -7.80626011e+00,
    1.69500008e+01, 0., -7.73833990e+00, 17., 0., -7.64632988e+00,
    1.70499992e+01, 0., -7.57137012e+00, 1.71000004e+01, 0.,
    -7.48176003e+00, 1.71499996e+01, 0., -7.41508007e+00, 1.72000008e+01,
    0., -7.33178997e+00, 1.72500000e+01, 0., -7.26570988e+00,
    1.72999992e+01, 0., -7.19962978e+00, 1.73500004e+01, 0.,
    -7.11290979e+00, 1.73999996e+01, 0., -7.04270983e+00, 1.74500008e+01,
    0., -6.97441006e+00, 1.75000000e+01, 0., -6.92368984e+00,
    1.75499992e+01, 0., -6.84017992e+00, 1.76000004e+01, 0.,
    -6.76274014e+00, 1.76499996e+01, 0., -6.68018007e+00, 1.77000008e+01,
    0., -6.62177992e+00, 1.77500000e+01, 0., -6.54789019e+00,
    1.77999992e+01, 0., -6.48788977e+00, 1.78500004e+01, 0.,
    -6.41230011e+00, 1.78999996e+01, 0., -6.35005999e+00, 1.79500008e+01,
    0., -6.27361012e+00, 18., 0., -6.21696997e+00, 1.80499992e+01, 0.,
    -6.14159012e+00, 1.81000004e+01, 0., -6.06679010e+00, 1.81499996e+01,
    0., -5.99199009e+00, 1.82000008e+01, 0., -5.91887999e+00,
    1.82500000e+01, 0., -5.86456013e+00, 1.82999992e+01, 0.,
    -5.79225016e+00, 1.83500004e+01, 0., -5.73204994e+00, 1.83999996e+01,
    0., -5.65359020e+00, 1.84500008e+01, 0., -5.58914995e+00,
    1.85000000e+01, 0., -5.51546001e+00, 1.85499992e+01, 0.,
    -5.46025991e+00, 1.86000004e+01, 0., -5.38970995e+00, 1.86499996e+01,
    0., -5.33147001e+00, 1.87000008e+01, 0., -5.25554991e+00,
    1.87500000e+01, 0., -5.19122982e+00, 1.87999992e+01, 0.,
    -5.11491013e+00, 1.88500004e+01, 0., -5.05875015e+00, 1.88999996e+01,
    0., -4.98892021e+00, 1.89500008e+01, 0., -4.93451977e+00, 19., 0.,
    -4.86618996e+00, 1.90499992e+01, 0., -4.81062984e+00, 1.91000004e+01,
    0., -4.73961020e+00, 1.91499996e+01, 0., -4.67796993e+00,
    1.92000008e+01, 0., -4.60329008e+00, 1.92500000e+01, 0.,
    -4.55144978e+00, 1.92999992e+01, 0., -4.48554993e+00, 1.93500004e+01,
    0., -4.42947006e+00, 1.93999996e+01, 0., -4.36073017e+00,
    1.94500008e+01, 0., -4.31024981e+00, 1.95000000e+01, 0.,
    -4.24539995e+00, 1.95499992e+01, 0., -4.18820000e+00, 1.96000004e+01,
    0., -4.11781979e+00, 1.96499996e+01, 0., -4.06529999e+00,
    1.97000008e+01, 0., -4.01278019e+00, 1.97500000e+01, 0.,
    -3.94677997e+00, 1.97999992e+01, 0., -3.89393997e+00, 1.98500004e+01,
    0., -3.82855010e+00, 1.98999996e+01, 0., -3.77639008e+00,
    1.99500008e+01, 0., -3.70953012e+00, 20., 0., -3.64399004e+00,
    2.00499992e+01, 0., -3.59731007e+00, 2.01000004e+01, 0.,
    -3.53594995e+00, 2.01499996e+01, 0., -3.47726989e+00, 2.02000008e+01,
    0., -3.40631008e+00, 2.02500000e+01, 0., -3.35738993e+00,
    2.02999992e+01, 0., -3.29721999e+00, 2.03500004e+01, 0.,
    -3.25246000e+00, 2.03999996e+01, 0., -3.19439006e+00, 2.04500008e+01,
    0., -3.14126992e+00, 2.05000000e+01, 0., -3.07490993e+00,
    2.05499992e+01, 0., -3.02199006e+00, 2.06000004e+01, 0.,
    -2.95992994e+00, 2.06499996e+01, 0., -2.91525006e+00, 2.07000008e+01,
    0., -2.85517001e+00, 2.07500000e+01, 0., -2.80212998e+00,
    2.07999992e+01, 0., -2.74128008e+00, 2.08500004e+01, 0.,
    -2.69923997e+00, 2.08999996e+01, 0., -2.63930988e+00, 2.09500008e+01,
    0., -2.58751011e+00, 21., 0., -2.52451992e+00, 2.10499992e+01, 0.,
    -2.47512007e+00, 2.11000004e+01, 0., -2.41656995e+00, 2.11499996e+01,
    0., -2.37144995e+00, 2.12000008e+01, 0., -2.31181002e+00,
    2.12500000e+01, 0., -2.26244998e+00, 2.12999992e+01, 0.,
    -2.20481992e+00, 2.13500004e+01, 0., -2.16090012e+00, 2.13999996e+01,
    0., -2.09756994e+00, 2.14500008e+01, 0., -2.04524994e+00,
    2.15000000e+01, 0., -1.98619998e+00, 2.15499992e+01, 0.,
    -1.92989004e+00, 2.16000004e+01, 0., -1.88853002e+00, 2.16499996e+01,
    0., -1.83638000e+00, 2.17000008e+01, 0., -1.79322004e+00,
    2.17500000e+01, 0., -1.73842001e+00, 2.17999992e+01, 0.,
    -1.69202006e+00, 2.18500004e+01, 0., -1.63532996e+00, 2.18999996e+01,
    0., -1.59168994e+00, 2.19500008e+01, 0., -1.53506994e+00, 22., 0.,
    -1.48739004e+00, 2.20499992e+01, 0., -1.42905998e+00, 2.21000004e+01,
    0., -1.38310003e+00, 2.21499996e+01, 0., -1.32541001e+00,
    2.22000008e+01, 0., -1.27912998e+00, 2.22500000e+01, 0.,
    -1.22941995e+00, 2.22999992e+01, 0., -1.19130003e+00, 2.23500004e+01,
    0., -1.13338006e+00, 2.23999996e+01, 0., -1.07626998e+00,
    2.24500008e+01, 0., -1.04114997e+00, 2.25000000e+01, 0.,
    -9.93700027e-01, 2.25499992e+01, 0., -9.44700003e-01, 2.26000004e+01,
    0., -8.85850012e-01, 2.26499996e+01, 0., -8.41650009e-01,
    2.27000008e+01, 0., -7.87750006e-01, 2.27500000e+01, 0.,
    -7.45429993e-01, 2.27999992e+01, 0., -6.93109989e-01, 2.28500004e+01,
    0., -6.51629984e-01, 2.28999996e+01, 0., -5.99520028e-01,
