%YAML:1.0
---
scan_line: [ 2.27500000e+01, 0., -2.31928196e+01, 2.27999992e+01, 0.,
    -2.31791000e+01, 2.28500004e+01, 0., -2.31422405e+01, 2.28999996e+01,
    0., -2.31023197e+01, 2.29500008e+01, 0., -2.30370598e+01, 23., 0.,
    -2.29818192e+01, 2.30499992e+01, 0., -2.28910007e+01, 2.31000004e+01,
    0., -2.28068409e+01, 2.31499996e+01, 0., -2.26893902e+01,
    2.32000008e+01, 0., -2.25807896e+01, 2.32500000e+01, 0.,
    -2.24721909e+01, 2.32999992e+01, 0., -2.23242493e+01, 2.33500004e+01,
    0., -2.21914101e+01, 2.33999996e+01, 0., -2.20585709e+01,
    2.34500008e+01, 0., -2.19079399e+01, 2.35000000e+01, 0.,
    -2.18061790e+01, 2.35499992e+01, 0., -2.17044201e+01, 2.36000004e+01,
    0., -2.15804005e+01, 2.36499996e+01, 0., -2.14829597e+01,
    2.37000008e+01, 0., -2.13733101e+01, 2.37500000e+01, 0.,
    -2.13003502e+01, 2.37999992e+01, 0., -2.12273903e+01, 2.38500004e+01,
    0., -2.11136208e+01, 2.38999996e+01, 0., -2.10181007e+01,
    2.39500008e+01, 0., -2.08987293e+01, 24., 0., -2.08034096e+01,
    2.40499992e+01, 0., -2.07080898e+01, 2.41000004e+01, 0.,
    -2.05784397e+01, 2.41499996e+01, 0., -2.04727192e+01, 2.42000008e+01,
    0., -2.03466206e+01, 2.42500000e+01, 0., -2.02531796e+01,
    2.42999992e+01, 0., -2.01597404e+01, 2.43500004e+01, 0.,
    -2.00398006e+01, 2.43999996e+01, 0., -1.99432793e+01, 2.44500008e+01,
    0., -1.98297997e+01, 2.45000000e+01, 0., -1.97476406e+01,
    2.45499992e+01, 0., -1.96654797e+01, 2.46000004e+01, 0.,
    -1.95740395e+01, 2.46499996e+01, 0., -1.95032005e+01, 2.47000008e+01,
    0., -1.94067497e+01, 2.47500000e+01, 0., -1.93280296e+01,
    2.47999992e+01, 0., -1.92220497e+01, 2.48500004e+01, 0.,
    -1.91282902e+01, 2.48999996e+01, 0., -1.90142708e+01, 2.49500008e+01,
    0., -1.89332294e+01, 25., 0., -1.88521900e+01, 2.50499992e+01, 0.,
    -1.87517700e+01, 2.51000004e+01, 0., -1.86716499e+01, 2.51499996e+01,
    0., -1.85743599e+01, 2.52000008e+01, 0., -1.85001202e+01,
    2.52500000e+01, 0., -1.84065399e+01, 2.52999992e+01, 0.,
    -1.83293800e+01, 2.53500004e+01, 0., -1.82522202e+01, 2.53999996e+01,
    0., -1.81605606e+01, 2.54500008e+01, 0., -1.80881996e+01,
    2.55000000e+01, 0., -1.80032101e+01, 2.55499992e+01, 0.,
    -1.79363308e+01, 2.56000004e+01, 0., -1.78509502e+01, 2.56499996e+01,
    0., -1.77817097e+01, 2.57000008e+01, 0., -1.76900101e+01,
    2.57500000e+01, 0., -1.76104908e+01, 2.57999992e+01, 0.,
    -1.75129108e+01, 2.58500004e+01, 0., -1.74371891e+01, 2.58999996e+01,
    0., -1.73438606e+01, 2.59500008e+01, 0., -1.72735405e+01, 26., 0.,
    -1.72032204e+01, 2.60499992e+01, 0., -1.71153908e+01, 2.61000004e+01,
    0., -1.70451508e+01, 2.61499996e+01, 0., -1.69574108e+01,
    2.62000008e+01, 0., -1.68873291e+01, 2.62500000e+01, 0.,
    -1.68078308e+01, 2.62999992e+01, 0., -1.67485504e+01, 2.63500004e+01,
    0., -1.66687698e+01, 2.63999996e+01, 0., -1.65982094e+01,
    2.64500008e+01, 0., -1.65146008e+01, 2.65000000e+01, 0.,
    -1.64533596e+01, 2.65499992e+01, 0., -1.63792591e+01, 2.66000004e+01,
    0., -1.63230591e+01, 2.66499996e+01, 0., -1.62517395e+01,
    2.67000008e+01, 0., -1.61913395e+01, 2.67500000e+01, 0.,
    -1.61124306e+01, 2.67999992e+01, 0., -1.60383892e+01, 2.68500004e+01,
    0., -1.59488697e+01, 2.68999996e+01, 0., -1.58870697e+01,
    2.69500008e+01, 0., -1.58252697e+01, 27., 0., -1.57432203e+01,
    2.70499992e+01, 0., -1.56766195e+01, 2.71000004e+01, 0.,
    -1.55953999e+01, 2.71499996e+01, 0., -1.55308399e+01, 2.72000008e+01,
    0., -1.54565096e+01, 2.72500000e+01, 0., -1.53983498e+01,
    2.72999992e+01, 0., -1.53251801e+01, 2.73500004e+01, 0.,
    -1.52665796e+01, 2.73999996e+01, 0., -1.51923504e+01, 2.74500008e+01,
    0., -1.51325102e+01, 2.75000000e+01, 0., -1.50648603e+01,
    2.75499992e+01, 0., -1.50146599e+01, 2.76000004e+01, 0.,
    -1.49500599e+01, 2.76499996e+01, 0., -1.48974199e+01, 2.77000008e+01,
    0., -1.48295803e+01, 2.77500000e+01, 0., -1.47742996e+01,
    2.77999992e+01, 0., -1.47061100e+01, 2.78500004e+01, 0.,
    -1.46521101e+01, 2.78999996e+01, 0., -1.45830898e+01, 2.79500008e+01,
    0., -1.45271702e+01, 28., 0., -1.44567204e+01, 2.80499992e+01, 0.,
    -1.44001598e+01, 2.81000004e+01, 0., -1.43301497e+01, 2.81499996e+01,
    0., -1.42745895e+01, 2.82000008e+01, 0., -1.42074099e+01,
    2.82500000e+01, 0., -1.41541700e+01, 2.82999992e+01, 0.,
    -1.40869999e+01, 2.83500004e+01, 0., -1.40331602e+01, 2.83999996e+01,
    0., -1.39697800e+01, 2.84500008e+01, 0., -1.39198599e+01,
    2.85000000e+01, 0., -1.38562603e+01, 2.85499992e+01, 0.,
    -1.38051395e+01, 2.86000004e+01, 0., -1.37384195e+01, 2.86499996e+01,
    0., -1.36714401e+01, 2.87000008e+01, 0., -1.36190796e+01,
    2.87500000e+01, 0., -1.35520096e+01, 2.87999992e+01, 0.,
    -1.34932098e+01, 2.88500004e+01, 0., -1.34226103e+01, 2.88999996e+01,
    0., -1.33754902e+01, 2.89500008e+01, 0., -1.33166904e+01, 29., 0.,
    -1.32702103e+01, 2.90499992e+01, 0., -1.32128096e+01, 2.91000004e+01,
    0., -1.31692495e+01, 2.91499996e+01, 0., -1.31130304e+01,
    2.92000008e+01, 0., -1.30659504e+01, 2.92500000e+01, 0.,
    -1.30052500e+01, 2.92999992e+01, 0., -1.29545298e+01, 2.93500004e+01,
    0., -1.28938503e+01, 2.93999996e+01, 0., -1.28468504e+01,
    2.94500008e+01, 0., -1.27842598e+01, 2.95000000e+01, 0.,
    -1.27321796e+01, 2.95499992e+01, 0., -1.26686697e+01, 2.96000004e+01,
    0., -1.26187897e+01, 2.96499996e+01, 0., -1.25607204e+01,
    2.97000008e+01, 0., -1.25151596e+01, 2.97500000e+01, 0.,
    -1.24567699e+01, 2.97999992e+01, 0., -1.23982601e+01, 2.98500004e+01,
    0., -1.23521004e+01, 2.98999996e+01, 0., -1.22956400e+01,
    2.99500008e+01, 0., -1.22546396e+01, 30., 0., -1.22005796e+01,
    3.00499992e+01, 0., -1.21486597e+01, 3.01000004e+01, 0.,
    -1.20895596e+01, 3.01499996e+01, 0., -1.20492401e+01, 3.02000008e+01,
    0., -1.19947901e+01, 3.02500000e+01, 0., -1.19465103e+01,
    3.02999992e+01, 0., -1.18899803e+01, 3.03500004e+01, 0.,
    -1.18468199e+01, 3.03999996e+01, 0., -1.17969198e+01, 3.04500008e+01,
    0., -1.17578802e+01, 3.05000000e+01, 0., -1.17055998e+01,
    3.05499992e+01, 0., -1.16532097e+01, 3.06000004e+01, 0.,
    -1.16135302e+01, 3.06499996e+01, 0., -1.15625095e+01, 3.07000008e+01,
    0., -1.15172300e+01, 3.07500000e+01, 0., -1.14621897e+01,
    3.07999992e+01, 0., -1.14200296e+01, 3.08500004e+01, 0.,
    -1.13668699e+01, 3.08999996e+01, 0., -1.13238297e+01, 3.09500008e+01,
    0., -1.12689199e+01, 31., 0., -1.12244396e+01, 3.10499992e+01, 0.,
    -1.11783104e+01, 3.11000004e+01, 0., -1.11433096e+01, 3.11499996e+01,
    0., -1.10915699e+01, 3.12000008e+01, 0., -1.10376797e+01,
    3.12500000e+01, 0., -1.09940796e+01, 3.12999992e+01, 0.,
    -1.09413204e+01, 3.13500004e+01, 0., -1.09012804e+01, 3.13999996e+01,
    0., -1.08501596e+01, 3.14500008e+01, 0., -1.08080397e+01,
    3.15000000e+01, 0., -1.07558603e+01, 3.15499992e+01, 0.,
    -1.07144203e+01, 3.16000004e+01, 0., -1.06655397e+01, 3.16499996e+01,
    0., -1.06185904e+01, 3.17000008e+01, 0., -1.05849895e+01,
    3.17500000e+01, 0., -1.05412302e+01, 3.17999992e+01, 0.,
    -1.05005903e+01, 3.18500004e+01, 0., -1.04519501e+01, 3.18999996e+01,
    0., -1.04156303e+01, 3.19500008e+01, 0., -1.03686104e+01, 32., 0.,
    -1.03301697e+01, 3.20499992e+01, 0., -1.02849998e+01, 3.20999985e+01,
    0., -1.02408600e+01, 3.21500015e+01, 0., -1.02067404e+01,
    3.22000008e+01, 0., -1.01620798e+01, 3.22500000e+01, 0.,
    -1.01201601e+01, 3.22999992e+01, 0., -1.00709496e+01, 3.23499985e+01,
    0., -1.00354300e+01, 3.24000015e+01, 0., -9.98939991e+00,
    3.24500008e+01, 0., -9.95176029e+00, 3.25000000e+01, 0.,
    -9.90966988e+00, 3.25499992e+01, 0., -9.86824989e+00, 3.25999985e+01,
    0., -9.83345032e+00, 3.26500015e+01, 0., -9.79057980e+00,
    3.27000008e+01, 0., -9.75714016e+00, 3.27500000e+01, 0.,
    -9.71500969e+00, 3.27999992e+01, 0., -9.68093014e+00, 3.28499985e+01,
    0., -9.63621044e+00, 3.29000015e+01, 0., -9.59932995e+00,
