%YAML:1.0
---
scan_line: [ 2.38999996e+01, 0., -1.68625107e+01, 2.39500008e+01, 0.,
    -1.67343502e+01, 24., 0., -1.66061897e+01, 2.40499992e+01, 0.,
    -1.64643497e+01, 2.41000004e+01, 0., -1.63729897e+01, 2.41499996e+01,
    0., -1.62816296e+01, 2.42000008e+01, 0., -1.61762009e+01,
    2.42500000e+01, 0., -1.60936394e+01, 2.42999992e+01, 0.,
    -1.59848003e+01, 2.43500004e+01, 0., -1.58911200e+01, 2.43999996e+01,
    0., -1.57974396e+01, 2.44500008e+01, 0., -1.56714697e+01,
    2.45000000e+01, 0., -1.55689497e+01, 2.45499992e+01, 0.,
    -1.54472303e+01, 2.46000004e+01, 0., -1.53575897e+01, 2.46499996e+01,
    0., -1.52679501e+01, 2.47000008e+01, 0., -1.51204596e+01,
    2.47500000e+01, 0., -1.49954205e+01, 2.47999992e+01, 0.,
    -1.48388700e+01, 2.48500004e+01, 0., -1.47128296e+01, 2.48999996e+01,
    0., -1.45867901e+01, 2.49500008e+01, 0., -1.44438105e+01, 25., 0.,
    -1.43760900e+01, 2.50499992e+01, 0., -1.43083696e+01, 2.51000004e+01,
    0., -1.42038898e+01, 2.51499996e+01, 0., -1.41164103e+01,
    2.52000008e+01, 0., -1.39971504e+01, 2.52500000e+01, 0.,
    -1.38965502e+01, 2.52999992e+01, 0., -1.37771702e+01, 2.53500004e+01,
    0., -1.37021704e+01, 2.53999996e+01, 0., -1.36271696e+01,
    2.54500008e+01, 0., -1.35160303e+01, 2.55000000e+01, 0.,
    -1.34236698e+01, 2.55499992e+01, 0., -1.33221302e+01, 2.56000004e+01,
    0., -1.32483301e+01, 2.56499996e+01, 0., -1.31533604e+01,
    2.57000008e+01, 0., -1.30690403e+01, 2.57500000e+01, 0.,
    -1.29648600e+01, 2.57999992e+01, 0., -1.28855801e+01, 2.58500004e+01,
    0., -1.28063002e+01, 2.58999996e+01, 0., -1.27089901e+01,
    2.59500008e+01, 0., -1.26315498e+01, 26., 0., -1.25299501e+01,
    2.60499992e+01, 0., -1.24462299e+01, 2.61000004e+01, 0.,
    -1.23476200e+01, 2.61499996e+01, 0., -1.22761002e+01, 2.62000008e+01,
    0., -1.21854200e+01, 2.62500000e+01, 0., -1.21088200e+01,
    2.62999992e+01, 0., -1.20322199e+01, 2.63500004e+01, 0.,
    -1.19440498e+01, 2.63999996e+01, 0., -1.18750496e+01, 2.64500008e+01,
    0., -1.17850504e+01, 2.65000000e+01, 0., -1.17110500e+01,
    2.65499992e+01, 0., -1.16288900e+01, 2.66000004e+01, 0.,
    -1.15686903e+01, 2.66499996e+01, 0., -1.14881496e+01, 2.67000008e+01,
    0., -1.14174700e+01, 2.67500000e+01, 0., -1.13287802e+01,
    2.67999992e+01, 0., -1.12574997e+01, 2.68500004e+01, 0.,
    -1.11733198e+01, 2.68999996e+01, 0., -1.11120396e+01, 2.69500008e+01,
    0., -1.10355701e+01, 27., 0., -1.09750900e+01, 2.70499992e+01, 0.,
    -1.08974104e+01, 2.71000004e+01, 0., -1.08287296e+01, 2.71499996e+01,
    0., -1.07468004e+01, 2.72000008e+01, 0., -1.06940002e+01,
    2.72500000e+01, 0., -1.06246300e+01, 2.72999992e+01, 0.,
    -1.05585098e+01, 2.73500004e+01, 0., -1.04782696e+01, 2.73999996e+01,
    0., -1.04218302e+01, 2.74500008e+01, 0., -1.03497601e+01,
    2.75000000e+01, 0., -1.02875605e+01, 2.75499992e+01, 0.,
    -1.02104502e+01, 2.76000004e+01, 0., -1.01508503e+01, 2.76499996e+01,
    0., -1.00768204e+01, 2.77000008e+01, 0., -1.00191803e+01,
    2.77500000e+01, 0., -9.94906998e+00, 2.77999992e+01, 0.,
    -9.89918995e+00, 2.78500004e+01, 0., -9.83533955e+00, 2.78999996e+01,
    0., -9.77974033e+00, 2.79500008e+01, 0., -9.70975018e+00, 28., 0.,
    -9.65235043e+00, 2.80499992e+01, 0., -9.58197021e+00, 2.81000004e+01,
    0., -9.53032970e+00, 2.81499996e+01, 0., -9.46393967e+00,
    2.82000008e+01, 0., -9.40517998e+00, 2.82500000e+01, 0.,
    -9.33528042e+00, 2.82999992e+01, 0., -9.28376007e+00, 2.83500004e+01,
    0., -9.22303963e+00, 2.83999996e+01, 0., -9.17903996e+00,
    2.84500008e+01, 0., -9.11917973e+00, 2.85000000e+01, 0.,
    -9.06554031e+00, 2.85499992e+01, 0., -9.00244045e+00, 2.86000004e+01,
    0., -8.95407963e+00, 2.86499996e+01, 0., -8.89278984e+00,
    2.87000008e+01, 0., -8.84331036e+00, 2.87500000e+01, 0.,
    -8.77779961e+00, 2.87999992e+01, 0., -8.72348022e+00, 2.88500004e+01,
    0., -8.66798019e+00, 2.88999996e+01, 0., -8.62609959e+00,
    2.89500008e+01, 0., -8.56352043e+00, 29., 0., -8.50154972e+00,
    2.90499992e+01, 0., -8.46210957e+00, 2.91000004e+01, 0.,
    -8.41082954e+00, 2.91499996e+01, 0., -8.36371040e+00, 2.92000008e+01,
    0., -8.30957985e+00, 2.92500000e+01, 0., -8.27206039e+00,
    2.92999992e+01, 0., -8.22062016e+00, 2.93500004e+01, 0.,
    -8.17418003e+00, 2.93999996e+01, 0., -8.11561012e+00, 2.94500008e+01,
    0., -8.06849003e+00, 2.95000000e+01, 0., -8.01541996e+00,
    2.95499992e+01, 0., -7.97414017e+00, 2.96000004e+01, 0.,
    -7.91947985e+00, 2.96499996e+01, 0., -7.86515999e+00, 2.97000008e+01,
    0., -7.82507992e+00, 2.97500000e+01, 0., -7.77481985e+00,
    2.97999992e+01, 0., -7.73409986e+00, 2.98500004e+01, 0.,
    -7.67992020e+00, 2.98999996e+01, 0., -7.63276005e+00, 2.99500008e+01,
    0., -7.58019018e+00, 30., 0., -7.54155016e+00, 3.00499992e+01, 0.,
    -7.48629999e+00, 3.01000004e+01, 0., -7.43849993e+00, 3.01499996e+01,
    0., -7.39288998e+00, 3.02000008e+01, 0., -7.34920979e+00,
    3.02500000e+01, 0., -7.30928993e+00, 3.02999992e+01, 0.,
    -7.26087999e+00, 3.03500004e+01, 0., -7.22408009e+00, 3.03999996e+01,
    0., -7.17646980e+00, 3.04500008e+01, 0., -7.13659000e+00,
    3.05000000e+01, 0., -7.08458996e+00, 3.05499992e+01, 0.,
    -7.04187012e+00, 3.06000004e+01, 0., -6.99134016e+00, 3.06499996e+01,
    0., -6.94297981e+00, 3.07000008e+01, 0., -6.90882015e+00,
    3.07500000e+01, 0., -6.86553001e+00, 3.07999992e+01, 0.,
    -6.82928991e+00, 3.08500004e+01, 0., -6.78181982e+00, 3.08999996e+01,
    0., -6.74134016e+00, 3.09500008e+01, 0., -6.69498014e+00, 31., 0.,
    -6.66018009e+00, 3.10499992e+01, 0., -6.61801004e+00, 3.11000004e+01,
    0., -6.57479000e+00, 3.11499996e+01, 0., -6.53578997e+00,
    3.12000008e+01, 0., -6.48874998e+00, 3.12500000e+01, 0.,
    -6.45326996e+00, 3.12999992e+01, 0., -6.40782022e+00, 3.13500004e+01,
    0., -6.37094021e+00, 3.13999996e+01, 0., -6.32825994e+00,
    3.14500008e+01, 0., -6.28632021e+00, 3.15000000e+01, 0.,
    -6.25224018e+00, 3.15499992e+01, 0., -6.20928001e+00, 3.16000004e+01,
    0., -6.17452002e+00, 3.16499996e+01, 0., -6.13417006e+00,
    3.17000008e+01, 0., -6.10361004e+00, 3.17500000e+01, 0.,
    -6.06467009e+00, 3.17999992e+01, 0., -6.02555990e+00, 3.18500004e+01,
    0., -5.99427986e+00, 3.18999996e+01, 0., -5.95657015e+00,
    3.19500008e+01, 0., -5.92813015e+00, 32., 0., -5.89043999e+00,
    3.20499992e+01, 0., -5.85924006e+00, 3.20999985e+01, 0.,
    -5.81667995e+00, 3.21500015e+01, 0., -5.77414989e+00, 3.22000008e+01,
    0., -5.74299002e+00, 3.22500000e+01, 0., -5.70296001e+00,
    3.22999992e+01, 0., -5.66968012e+00, 3.23499985e+01, 0.,
    -5.63173008e+00, 3.24000015e+01, 0., -5.60337019e+00, 3.24500008e+01,
    0., -5.57071018e+00, 3.25000000e+01, 0., -5.53802013e+00,
    3.25499992e+01, 0., -5.50969982e+00, 3.25999985e+01, 0.,
    -5.47390985e+00, 3.26500015e+01, 0., -5.44487000e+00, 3.27000008e+01,
    0., -5.40909004e+00, 3.27500000e+01, 0., -5.38080978e+00,
    3.27999992e+01, 0., -5.34219980e+00, 3.28499985e+01, 0.,
    -5.30304003e+00, 3.29000015e+01, 0., -5.27199984e+00, 3.29500008e+01,
    0., -5.23577023e+00, 33., 0., -5.20820999e+00, 3.30499992e+01, 0.,
    -5.17575979e+00, 3.30999985e+01, 0., -5.14334011e+00, 3.31500015e+01,
    0., -5.11573982e+00, 3.32000008e+01, 0., -5.08261013e+00,
    3.32500000e+01, 0., -5.05776978e+00, 3.32999992e+01, 0.,
    -5.02170992e+00, 3.33499985e+01, 0., -4.98258018e+00, 3.34000015e+01,
    0., -4.95226002e+00, 3.34500008e+01, 0., -4.91602993e+00,
    3.35000000e+01, 0., -4.88915014e+00, 3.35499992e+01, 0.,
    -4.85759020e+00, 3.35999985e+01, 0., -4.83346987e+00, 3.36500015e+01,
    0., -4.80328989e+00, 3.37000008e+01, 0., -4.77189016e+00,
    3.37500000e+01, 0., -4.74277020e+00, 3.37999992e+01, 0.,
    -4.71014023e+00, 3.38499985e+01, 0., -4.68605995e+00, 3.39000015e+01,
    0., -4.65523005e+00, 3.39500008e+01, 0., -4.62388992e+00, 34., 0.,
    -4.59777021e+00, 3.40499992e+01, 0., -4.56477022e+00, 3.40999985e+01,
