%YAML:1.0
---
scan_line: [ 3.70499992e+01, 0., -2.31769695e+01, 3.70999985e+01, 0.,
    -2.31804905e+01, 3.71500015e+01, 0., -2.30688896e+01, 3.72000008e+01,
    0., -2.29564095e+01, 3.72500000e+01, 0., -2.28082104e+01,
    3.72999992e+01, 0., -2.26806507e+01, 3.73499985e+01, 0.,
    -2.25530891e+01, 3.74000015e+01, 0., -2.23925495e+01, 3.74500008e+01,
    0., -2.22636700e+01, 3.75000000e+01, 0., -2.21004696e+01,
    3.75499992e+01, 0., -2.19635506e+01, 3.75999985e+01, 0.,
    -2.18266296e+01, 3.76500015e+01, 0., -2.16632195e+01, 3.77000008e+01,
    0., -2.15366192e+01, 3.77500000e+01, 0., -2.14100208e+01,
    3.77999992e+01, 0., -2.12190208e+01, 3.78499985e+01, 0.,
    -2.10597401e+01, 3.79000015e+01, 0., -2.08916206e+01, 3.79500008e+01,
    0., -2.07944603e+01, 38., 0., -2.06723595e+01, 3.80499992e+01, 0.,
    -2.05725994e+01, 3.80999985e+01, 0., -2.04728394e+01, 3.81500015e+01,
    0., -2.03168697e+01, 3.82000008e+01, 0., -2.01754303e+01,
    3.82500000e+01, 0., -2.00071793e+01, 3.82999992e+01, 0.,
    -1.99002209e+01, 3.83499985e+01, 0., -1.97932606e+01, 3.84000015e+01,
    0., -1.96717701e+01, 3.84500008e+01, 0., -1.95770493e+01,
    3.85000000e+01, 0., -1.94518909e+01, 3.85499992e+01, 0.,
    -1.93482494e+01, 3.85999985e+01, 0., -1.92245007e+01, 3.86500015e+01,
    0., -1.91324596e+01, 3.87000008e+01, 0., -1.90148506e+01,
    3.87500000e+01, 0., -1.89127293e+01, 3.87999992e+01, 0.,
    -1.88106098e+01, 3.88499985e+01, 0., -1.86806793e+01, 3.89000015e+01,
    0., -1.85763206e+01, 3.89500008e+01, 0., -1.84634705e+01, 39., 0.,
    -1.83826294e+01, 3.90499992e+01, 0., -1.82714405e+01, 3.90999985e+01,
    0., -1.81704407e+01, 3.91500015e+01, 0., -1.80522194e+01,
    3.92000008e+01, 0., -1.79674206e+01, 3.92500000e+01, 0.,
    -1.78598709e+01, 3.92999992e+01, 0., -1.77691898e+01, 3.93499985e+01,
    0., -1.76785107e+01, 3.94000015e+01, 0., -1.75545406e+01,
    3.94500008e+01, 0., -1.74532604e+01, 3.95000000e+01, 0.,
    -1.73512192e+01, 3.95499992e+01, 0., -1.72744999e+01, 3.95999985e+01,
    0., -1.71672401e+01, 3.96500015e+01, 0., -1.70754795e+01,
    3.97000008e+01, 0., -1.69756699e+01, 3.97500000e+01, 0.,
    -1.69038296e+01, 3.97999992e+01, 0., -1.68041096e+01, 3.98499985e+01,
    0., -1.67191505e+01, 3.99000015e+01, 0., -1.66243191e+01,
    3.99500008e+01, 0., -1.65545998e+01, 40., 0., -1.64628792e+01,
    4.00499992e+01, 0., -1.63871593e+01, 4.00999985e+01, 0.,
    -1.62896500e+01, 4.01500015e+01, 0., -1.62082500e+01, 4.02000008e+01,
    0., -1.61061401e+01, 4.02500000e+01, 0., -1.60241394e+01,
    4.02999992e+01, 0., -1.59275599e+01, 4.03499985e+01, 0.,
    -1.58574400e+01, 4.04000015e+01, 0., -1.57680998e+01, 4.04500008e+01,
    0., -1.56947403e+01, 4.05000000e+01, 0., -1.56049995e+01,
    4.05499992e+01, 0., -1.55356398e+01, 4.05999985e+01, 0.,
    -1.54475899e+01, 4.06500015e+01, 0., -1.53756704e+01, 4.07000008e+01,
    0., -1.52893696e+01, 4.07500000e+01, 0., -1.52247696e+01,
    4.07999992e+01, 0., -1.51366596e+01, 4.08499985e+01, 0.,
    -1.50573397e+01, 4.09000015e+01, 0., -1.49687099e+01, 4.09500008e+01,
    0., -1.49034700e+01, 41., 0., -1.48224401e+01, 4.10499992e+01, 0.,
    -1.47579203e+01, 4.10999985e+01, 0., -1.46738796e+01, 4.11500015e+01,
    0., -1.46048803e+01, 4.12000008e+01, 0., -1.45250902e+01,
    4.12500000e+01, 0., -1.44647303e+01, 4.12999992e+01, 0.,
    -1.43786097e+01, 4.13499985e+01, 0., -1.43040895e+01, 4.14000015e+01,
    0., -1.42212400e+01, 4.14500008e+01, 0., -1.41570396e+01,
    4.15000000e+01, 0., -1.40839500e+01, 4.15499992e+01, 0.,
    -1.40269499e+01, 4.15999985e+01, 0., -1.39523602e+01, 4.16500015e+01,
    0., -1.38769503e+01, 4.17000008e+01, 0., -1.38168697e+01,
    4.17500000e+01, 0., -1.37395201e+01, 4.17999992e+01, 0.,
    -1.36705999e+01, 4.18499985e+01, 0., -1.35866203e+01, 4.19000015e+01,
    0., -1.35221395e+01, 4.19500008e+01, 0., -1.34464102e+01, 42., 0.,
    -1.33917303e+01, 4.20499992e+01, 0., -1.33203602e+01, 4.20999985e+01,
    0., -1.32596798e+01, 4.21500015e+01, 0., -1.31920996e+01,
    4.22000008e+01, 0., -1.31425400e+01, 4.22500000e+01, 0.,
    -1.30706902e+01, 4.22999992e+01, 0., -1.30079298e+01, 4.23499985e+01,
    0., -1.29396696e+01, 4.24000015e+01, 0., -1.28871498e+01,
    4.24500008e+01, 0., -1.28169003e+01, 4.25000000e+01, 0.,
    -1.27448502e+01, 4.25499992e+01, 0., -1.26850901e+01, 4.25999985e+01,
    0., -1.26149902e+01, 4.26500015e+01, 0., -1.25644703e+01,
    4.27000008e+01, 0., -1.24976702e+01, 4.27500000e+01, 0.,
    -1.24399900e+01, 4.27999992e+01, 0., -1.23736897e+01, 4.28499985e+01,
    0., -1.23238096e+01, 4.29000015e+01, 0., -1.22562103e+01,
    4.29500008e+01, 0., -1.21993303e+01, 43., 0., -1.21341105e+01,
    4.30499992e+01, 0., -1.20710802e+01, 4.30999985e+01, 0.,
    -1.20231600e+01, 4.31500015e+01, 0., -1.19622498e+01, 4.32000008e+01,
    0., -1.19105701e+01, 4.32500000e+01, 0., -1.18440905e+01,
    4.32999992e+01, 0., -1.17887297e+01, 4.33499985e+01, 0.,
    -1.17217398e+01, 4.34000015e+01, 0., -1.16693802e+01, 4.34500008e+01,
    0., -1.16089697e+01, 4.35000000e+01, 0., -1.15616903e+01,
    4.35499992e+01, 0., -1.15032196e+01, 4.35999985e+01, 0.,
    -1.14440203e+01, 4.36500015e+01, 0., -1.13936996e+01, 4.37000008e+01,
    0., -1.13290100e+01, 4.37500000e+01, 0., -1.12751303e+01,
    4.37999992e+01, 0., -1.12157297e+01, 4.38499985e+01, 0.,
    -1.11724501e+01, 4.39000015e+01, 0., -1.11131496e+01, 4.39500008e+01,
    0., -1.10629501e+01, 44., 0., -1.10010595e+01, 4.40499992e+01, 0.,
    -1.09404202e+01, 4.40999985e+01, 0., -1.08953800e+01, 4.41500015e+01,
    0., -1.08390503e+01, 4.42000008e+01, 0., -1.07940903e+01,
    4.42500000e+01, 0., -1.07341099e+01, 4.42999992e+01, 0.,
    -1.06841898e+01, 4.43499985e+01, 0., -1.06246595e+01, 4.44000015e+01,
    0., -1.05665398e+01, 4.44500008e+01, 0., -1.05222998e+01,
    4.45000000e+01, 0., -1.04677200e+01, 4.45499992e+01, 0.,
    -1.04264402e+01, 4.45999985e+01, 0., -1.03731403e+01, 4.46500015e+01,
    0., -1.03284597e+01, 4.47000008e+01, 0., -1.02762299e+01,
    4.47500000e+01, 0., -1.02364302e+01, 4.47999992e+01, 0.,
    -1.01803799e+01, 4.48499985e+01, 0., -1.01232901e+01, 4.49000015e+01,
    0., -1.00792904e+01, 4.49500008e+01, 0., -1.00228701e+01, 45., 0.,
    -9.97614956e+00, 4.50499992e+01, 0., -9.92296028e+00, 4.50999985e+01,
    0., -9.88327980e+00, 4.51500015e+01, 0., -9.83018970e+00,
    4.52000008e+01, 0., -9.77709007e+00, 4.52500000e+01, 0.,
    -9.73748970e+00, 4.52999992e+01, 0., -9.68544960e+00, 4.53499985e+01,
    0., -9.64085007e+00, 4.54000015e+01, 0., -9.58934975e+00,
    4.54500008e+01, 0., -9.55047035e+00, 4.55000000e+01, 0.,
    -9.50395966e+00, 4.55499992e+01, 0., -9.45705032e+00, 4.55999985e+01,
    0., -9.41660976e+00, 4.56500015e+01, 0., -9.36569977e+00,
    4.57000008e+01, 0., -9.32466030e+00, 4.57500000e+01, 0.,
    -9.27159023e+00, 4.57999992e+01, 0., -9.22823048e+00, 4.58499985e+01,
    0., -9.17632008e+00, 4.59000015e+01, 0., -9.12563992e+00,
    4.59500008e+01, 0., -9.08720016e+00, 46., 0., -9.04063988e+00,
    4.60499992e+01, 0., -9.00531960e+00, 4.60999985e+01, 0.,
    -8.95960045e+00, 4.61500015e+01, 0., -8.92220020e+00, 4.62000008e+01,
    0., -8.87211037e+00, 4.62500000e+01, 0., -8.82503986e+00,
    4.62999992e+01, 0., -8.79191971e+00, 4.63499985e+01, 0.,
    -8.74709034e+00, 4.64000015e+01, 0., -8.70944977e+00, 4.64500008e+01,
    0., -8.66477013e+00, 4.65000000e+01, 0., -8.62092018e+00,
    4.65499992e+01, 0., -8.58644009e+00, 4.65999985e+01, 0.,
    -8.54144001e+00, 4.66500015e+01, 0., -8.50319958e+00, 4.67000008e+01,
    0., -8.45553970e+00, 4.67500000e+01, 0., -8.41757965e+00,
    4.67999992e+01, 0., -8.36919975e+00, 4.68499985e+01, 0.,
    -8.31989002e+00, 4.69000015e+01, 0., -8.27816963e+00, 4.69500008e+01,
    0., -8.23250961e+00, 47., 0., -8.19950962e+00, 4.70499992e+01, 0.,
    -8.15666962e+00, 4.70999985e+01, 0., -8.11450005e+00, 4.71500015e+01,
    0., -8.08430004e+00, 4.72000008e+01, 0., -8.04368973e+00,
    4.72500000e+01, 0., -8.00776958e+00, 4.72999992e+01, 0.,
