%YAML:1.0
---
scan_line: [ 2.34500008e+01, 0., -2.10932407e+01, 2.35000000e+01, 0.,
    -2.08741207e+01, 2.36499996e+01, 0., -2.02101498e+01, 2.37000008e+01,
    0., -2.01845493e+01, 2.37500000e+01, 0., -2.01089497e+01,
    2.37999992e+01, 0., -1.99962692e+01, 2.38500004e+01, 0.,
    -1.98835907e+01, 2.38999996e+01, 0., -1.97208099e+01, 2.39500008e+01,
    0., -1.95788898e+01, 24., 0., -1.94369698e+01, 2.40499992e+01, 0.,
    -1.92950497e+01, 2.41000004e+01, 0., -1.91592407e+01, 2.41499996e+01,
    0., -1.90589199e+01, 2.42000008e+01, 0., -1.89325104e+01,
    2.42500000e+01, 0., -1.88309498e+01, 2.42999992e+01, 0.,
    -1.87293892e+01, 2.43500004e+01, 0., -1.85809498e+01, 2.43999996e+01,
    0., -1.84579906e+01, 2.44500008e+01, 0., -1.83054199e+01,
    2.45000000e+01, 0., -1.81870995e+01, 2.45499992e+01, 0.,
    -1.80687809e+01, 2.46000004e+01, 0., -1.79284897e+01, 2.46499996e+01,
    0., -1.78406105e+01, 2.47000008e+01, 0., -1.77527294e+01,
    2.47500000e+01, 0., -1.76462002e+01, 2.47999992e+01, 0.,
    -1.75627995e+01, 2.48500004e+01, 0., -1.74361496e+01, 2.48999996e+01,
    0., -1.73080292e+01, 2.49500008e+01, 0., -1.71799107e+01, 25., 0.,
    -1.70314102e+01, 2.50499992e+01, 0., -1.69267292e+01, 2.51000004e+01,
    0., -1.68220501e+01, 2.51499996e+01, 0., -1.67217999e+01,
    2.52000008e+01, 0., -1.66477604e+01, 2.52500000e+01, 0.,
    -1.65365391e+01, 2.52999992e+01, 0., -1.64376202e+01, 2.53500004e+01,
    0., -1.63190403e+01, 2.53999996e+01, 0., -1.62407207e+01,
    2.54500008e+01, 0., -1.61623993e+01, 2.55000000e+01, 0.,
    -1.60538292e+01, 2.55499992e+01, 0., -1.59613895e+01, 2.56000004e+01,
    0., -1.58482103e+01, 2.56499996e+01, 0., -1.57605305e+01,
    2.57000008e+01, 0., -1.56728497e+01, 2.57500000e+01, 0.,
    -1.55699501e+01, 2.57999992e+01, 0., -1.54890699e+01, 2.58500004e+01,
    0., -1.53901796e+01, 2.58999996e+01, 0., -1.53115797e+01,
    2.59500008e+01, 0., -1.52158604e+01, 26., 0., -1.51407404e+01,
    2.60499992e+01, 0., -1.50455198e+01, 2.61000004e+01, 0.,
    -1.49654799e+01, 2.61499996e+01, 0., -1.48658104e+01, 2.62000008e+01,
    0., -1.47873697e+01, 2.62500000e+01, 0., -1.47089300e+01,
    2.62999992e+01, 0., -1.46108904e+01, 2.63500004e+01, 0.,
    -1.45324898e+01, 2.63999996e+01, 0., -1.44406605e+01, 2.64500008e+01,
    0., -1.43704996e+01, 2.65000000e+01, 0., -1.42808399e+01,
    2.65499992e+01, 0., -1.42068396e+01, 2.66000004e+01, 0.,
    -1.41180201e+01, 2.66499996e+01, 0., -1.40514603e+01, 2.67000008e+01,
    0., -1.39679899e+01, 2.67500000e+01, 0., -1.39003496e+01,
    2.67999992e+01, 0., -1.38327103e+01, 2.68500004e+01, 0.,
    -1.37432899e+01, 2.68999996e+01, 0., -1.36708097e+01, 2.69500008e+01,
    0., -1.35887003e+01, 27., 0., -1.35247402e+01, 2.70499992e+01, 0.,
    -1.34470901e+01, 2.71000004e+01, 0., -1.33854904e+01, 2.71499996e+01,
    0., -1.33009100e+01, 2.72000008e+01, 0., -1.32293100e+01,
    2.72500000e+01, 0., -1.31455898e+01, 2.72999992e+01, 0.,
    -1.30817900e+01, 2.73500004e+01, 0., -1.30013504e+01, 2.73999996e+01,
    0., -1.29363098e+01, 2.74500008e+01, 0., -1.28556700e+01,
    2.75000000e+01, 0., -1.27920303e+01, 2.75499992e+01, 0.,
    -1.27178698e+01, 2.76000004e+01, 0., -1.26651497e+01, 2.76499996e+01,
    0., -1.25944204e+01, 2.77000008e+01, 0., -1.25320997e+01,
    2.77500000e+01, 0., -1.24542303e+01, 2.77999992e+01, 0.,
    -1.23919897e+01, 2.78500004e+01, 0., -1.23177004e+01, 2.78999996e+01,
    0., -1.22625799e+01, 2.79500008e+01, 0., -1.21917601e+01, 28., 0.,
    -1.21328402e+01, 2.80499992e+01, 0., -1.20578604e+01, 2.81000004e+01,
    0., -1.19964199e+01, 2.81499996e+01, 0., -1.19218502e+01,
    2.82000008e+01, 0., -1.18649302e+01, 2.82500000e+01, 0.,
    -1.17938204e+01, 2.82999992e+01, 0., -1.17369804e+01, 2.83500004e+01,
    0., -1.16690502e+01, 2.83999996e+01, 0., -1.16186104e+01,
    2.84500008e+01, 0., -1.15571604e+01, 2.85000000e+01, 0.,
    -1.15099602e+01, 2.85499992e+01, 0., -1.14468699e+01, 2.86000004e+01,
    0., -1.13916302e+01, 2.86499996e+01, 0., -1.13261995e+01,
    2.87000008e+01, 0., -1.12758398e+01, 2.87500000e+01, 0.,
    -1.12119303e+01, 2.87999992e+01, 0., -1.11603298e+01, 2.88500004e+01,
    0., -1.10953703e+01, 2.88999996e+01, 0., -1.10431700e+01,
    2.89500008e+01, 0., -1.09789400e+01, 29., 0., -1.09281397e+01,
    2.90499992e+01, 0., -1.08683596e+01, 2.91000004e+01, 0.,
    -1.08213196e+01, 2.91499996e+01, 0., -1.07587500e+01, 2.92000008e+01,
    0., -1.06968803e+01, 2.92500000e+01, 0., -1.06524401e+01,
    2.92999992e+01, 0., -1.05959702e+01, 2.93500004e+01, 0.,
    -1.05481300e+01, 2.93999996e+01, 0., -1.04871302e+01, 2.94500008e+01,
    0., -1.04370098e+01, 2.95000000e+01, 0., -1.03750095e+01,
    2.95499992e+01, 0., -1.03262100e+01, 2.96000004e+01, 0.,
    -1.02635498e+01, 2.96499996e+01, 0., -1.02115498e+01, 2.97000008e+01,
    0., -1.01522398e+01, 2.97500000e+01, 0., -1.01079197e+01,
    2.97999992e+01, 0., -1.00499897e+01, 2.98500004e+01, 0.,
    -1.00023098e+01, 2.98999996e+01, 0., -9.94799995e+00, 2.99500008e+01,
    0., -9.90563965e+00, 30., 0., -9.84663963e+00, 3.00499992e+01, 0.,
    -9.78738022e+00, 3.01000004e+01, 0., -9.74378014e+00, 3.01499996e+01,
    0., -9.68791008e+00, 3.02000008e+01, 0., -9.63891029e+00,
    3.02500000e+01, 0., -9.58286953e+00, 3.02999992e+01, 0.,
    -9.54438972e+00, 3.03500004e+01, 0., -9.49384975e+00, 3.03999996e+01,
    0., -9.45057011e+00, 3.04500008e+01, 0., -9.39593029e+00,
    3.05000000e+01, 0., -9.35196972e+00, 3.05499992e+01, 0.,
    -9.30498981e+00, 3.06000004e+01, 0., -9.26906967e+00, 3.06499996e+01,
    0., -9.21329021e+00, 3.07000008e+01, 0., -9.15534973e+00,
    3.07500000e+01, 0., -9.11075020e+00, 3.07999992e+01, 0.,
    -9.05811024e+00, 3.08500004e+01, 0., -9.01978970e+00, 3.08999996e+01,
    0., -8.97152996e+00, 3.09500008e+01, 0., -8.93264961e+00, 31., 0.,
    -8.88302040e+00, 3.10499992e+01, 0., -8.84278011e+00, 3.11000004e+01,
    0., -8.79668045e+00, 3.11499996e+01, 0., -8.75139046e+00,
    3.12000008e+01, 0., -8.71438980e+00, 3.12500000e+01, 0.,
    -8.66800022e+00, 3.12999992e+01, 0., -8.63059998e+00, 3.13500004e+01,
    0., -8.58277988e+00, 3.13999996e+01, 0., -8.54329967e+00,
    3.14500008e+01, 0., -8.49341011e+00, 3.15000000e+01, 0.,
    -8.45324993e+00, 3.15499992e+01, 0., -8.40721989e+00, 3.16000004e+01,
    0., -8.36266041e+00, 3.16499996e+01, 0., -8.32826042e+00,
    3.17000008e+01, 0., -8.28470039e+00, 3.17500000e+01, 0.,
    -8.24814034e+00, 3.17999992e+01, 0., -8.20131969e+00, 3.18500004e+01,
    0., -8.16263962e+00, 3.18999996e+01, 0., -8.11746025e+00,
    3.19500008e+01, 0., -8.08302021e+00, 32., 0., -8.03721046e+00,
    3.20499992e+01, 0., -7.99046993e+00, 3.20999985e+01, 0.,
    -7.95254993e+00, 3.21500015e+01, 0., -7.90688992e+00, 3.22000008e+01,
    0., -7.87252998e+00, 3.22500000e+01, 0., -7.82793999e+00,
    3.22999992e+01, 0., -7.79146004e+00, 3.23499985e+01, 0.,
    -7.75053978e+00, 3.24000015e+01, 0., -7.71878004e+00, 3.24500008e+01,
    0., -7.67574978e+00, 3.25000000e+01, 0., -7.63193989e+00,
    3.25499992e+01, 0., -7.59689999e+00, 3.25999985e+01, 0.,
    -7.55522013e+00, 3.26500015e+01, 0., -7.52441978e+00, 3.27000008e+01,
    0., -7.48378992e+00, 3.27500000e+01, 0., -7.45019007e+00,
    3.27999992e+01, 0., -7.41241980e+00, 3.28499985e+01, 0.,
    -7.37513018e+00, 3.29000015e+01, 0., -7.34364986e+00, 3.29500008e+01,
    0., -7.30289984e+00, 33., 0., -7.26866007e+00, 3.30499992e+01, 0.,
    -7.22736979e+00, 3.30999985e+01, 0., -7.19520998e+00, 3.31500015e+01,
    0., -7.15711021e+00, 3.32000008e+01, 0., -7.11881018e+00,
    3.32500000e+01, 0., -7.08596992e+00, 3.32999992e+01, 0.,
    -7.04456997e+00, 3.33499985e+01, 0., -7.01105022e+00, 3.34000015e+01,
    0., -6.97399998e+00, 3.34500008e+01, 0., -6.93751001e+00,
    3.35000000e+01, 0., -6.90610981e+00, 3.35499992e+01, 0.,
    -6.86785984e+00, 3.35999985e+01, 0., -6.83858013e+00, 3.36500015e+01,
    0., -6.80191994e+00, 3.37000008e+01, 0., -6.77264023e+00,
    3.37500000e+01, 0., -6.73459005e+00, 3.37999992e+01, 0.,
