%YAML:1.0
---
scan_line: [ 1.88999996e+01, 0., -2.00608196e+01, 1.89500008e+01, 0.,
    -2.00025005e+01, 19., 0., -1.99077797e+01, 1.90499992e+01, 0.,
    -1.97622204e+01, 1.91000004e+01, 0., -1.96166592e+01, 1.91499996e+01,
    0., -1.94710999e+01, 1.92000008e+01, 0., -1.93086796e+01,
    1.92500000e+01, 0., -1.92022800e+01, 1.92999992e+01, 0.,
    -1.90958805e+01, 1.93500004e+01, 0., -1.89682007e+01, 1.93999996e+01,
    0., -1.88726807e+01, 1.94500008e+01, 0., -1.87771606e+01,
    1.95000000e+01, 0., -1.86503391e+01, 1.95499992e+01, 0.,
    -1.85450191e+01, 1.96000004e+01, 0., -1.84396992e+01, 1.96499996e+01,
    0., -1.82967205e+01, 1.97000008e+01, 0., -1.81801205e+01,
    1.97500000e+01, 0., -1.80351696e+01, 1.97999992e+01, 0.,
    -1.79218502e+01, 1.98500004e+01, 0., -1.78085308e+01, 1.98999996e+01,
    0., -1.76741409e+01, 1.99500008e+01, 0., -1.75902996e+01, 20., 0.,
    -1.75064602e+01, 2.00499992e+01, 0., -1.73904305e+01, 2.01000004e+01,
    0., -1.72916698e+01, 2.01499996e+01, 0., -1.71700993e+01,
    2.02000008e+01, 0., -1.70790195e+01, 2.02500000e+01, 0.,
    -1.69879398e+01, 2.02999992e+01, 0., -1.68662205e+01, 2.03500004e+01,
    0., -1.67646999e+01, 2.03999996e+01, 0., -1.66631794e+01,
    2.04500008e+01, 0., -1.65528908e+01, 2.05000000e+01, 0.,
    -1.64680500e+01, 2.05499992e+01, 0., -1.63614998e+01, 2.06000004e+01,
    0., -1.62756996e+01, 2.06499996e+01, 0., -1.61898994e+01,
    2.07000008e+01, 0., -1.60830097e+01, 2.07500000e+01, 0.,
    -1.59976101e+01, 2.07999992e+01, 0., -1.58990498e+01, 2.08500004e+01,
    0., -1.58246899e+01, 2.08999996e+01, 0., -1.57271900e+01,
    2.09500008e+01, 0., -1.56348696e+01, 21., 0., -1.55425501e+01,
    2.10499992e+01, 0., -1.54388800e+01, 2.11000004e+01, 0.,
    -1.53583202e+01, 2.11499996e+01, 0., -1.52581501e+01, 2.12000008e+01,
    0., -1.51787100e+01, 2.12500000e+01, 0., -1.50992699e+01,
    2.12999992e+01, 0., -1.50049696e+01, 2.13500004e+01, 0.,
    -1.49305696e+01, 2.13999996e+01, 0., -1.48385000e+01, 2.14500008e+01,
    0., -1.47653399e+01, 2.15000000e+01, 0., -1.46736498e+01,
    2.15499992e+01, 0., -1.46000099e+01, 2.16000004e+01, 0.,
    -1.45080500e+01, 2.16499996e+01, 0., -1.44350500e+01, 2.17000008e+01,
    0., -1.43620501e+01, 2.17500000e+01, 0., -1.42705898e+01,
    2.17999992e+01, 0., -1.41973896e+01, 2.18500004e+01, 0.,
    -1.41190395e+01, 2.18999996e+01, 0., -1.40590401e+01, 2.19500008e+01,
    0., -1.39786396e+01, 22., 0., -1.39114399e+01, 2.20499992e+01, 0.,
    -1.38254995e+01, 2.21000004e+01, 0., -1.37557802e+01, 2.21499996e+01,
    0., -1.36715002e+01, 2.22000008e+01, 0., -1.36076603e+01,
    2.22500000e+01, 0., -1.35262003e+01, 2.22999992e+01, 0.,
    -1.34559603e+01, 2.23500004e+01, 0., -1.33704796e+01, 2.23999996e+01,
    0., -1.33096399e+01, 2.24500008e+01, 0., -1.32488003e+01,
    2.25000000e+01, 0., -1.31691599e+01, 2.25499992e+01, 0.,
    -1.31048002e+01, 2.26000004e+01, 0., -1.30321503e+01, 2.26499996e+01,
    0., -1.29755898e+01, 2.27000008e+01, 0., -1.29059000e+01,
    2.27500000e+01, 0., -1.28503799e+01, 2.27999992e+01, 0.,
    -1.27725401e+01, 2.28500004e+01, 0., -1.27057800e+01, 2.28999996e+01,
    0., -1.26285896e+01, 2.29500008e+01, 0., -1.25702696e+01, 23., 0.,
    -1.24986601e+01, 2.30499992e+01, 0., -1.24429398e+01, 2.31000004e+01,
    0., -1.23739004e+01, 2.31499996e+01, 0., -1.23195000e+01,
    2.32000008e+01, 0., -1.22492704e+01, 2.32500000e+01, 0.,
    -1.21904697e+01, 2.32999992e+01, 0., -1.21201401e+01, 2.33500004e+01,
    0., -1.20677795e+01, 2.33999996e+01, 0., -1.20016804e+01,
    2.34500008e+01, 0., -1.19481201e+01, 2.35000000e+01, 0.,
    -1.18786201e+01, 2.35499992e+01, 0., -1.18200197e+01, 2.36000004e+01,
    0., -1.17517900e+01, 2.36499996e+01, 0., -1.17033501e+01,
    2.37000008e+01, 0., -1.16422396e+01, 2.37500000e+01, 0.,
    -1.15926800e+01, 2.37999992e+01, 0., -1.15328503e+01, 2.38500004e+01,
    0., -1.14876900e+01, 2.38999996e+01, 0., -1.14273300e+01,
    2.39500008e+01, 0., -1.13744898e+01, 24., 0., -1.13070898e+01,
    2.40499992e+01, 0., -1.12524900e+01, 2.41000004e+01, 0.,
    -1.11889696e+01, 2.41499996e+01, 0., -1.11406898e+01, 2.42000008e+01,
    0., -1.10770397e+01, 2.42500000e+01, 0., -1.10243998e+01,
    2.42999992e+01, 0., -1.09619198e+01, 2.43500004e+01, 0.,
    -1.09137201e+01, 2.43999996e+01, 0., -1.08539104e+01, 2.44500008e+01,
    0., -1.08063898e+01, 2.45000000e+01, 0., -1.07440596e+01,
    2.45499992e+01, 0., -1.06927004e+01, 2.46000004e+01, 0.,
    -1.06374102e+01, 2.46499996e+01, 0., -1.05949697e+01, 2.47000008e+01,
    0., -1.05387096e+01, 2.47500000e+01, 0., -1.04930696e+01,
    2.47999992e+01, 0., -1.04311104e+01, 2.48500004e+01, 0.,
    -1.03688002e+01, 2.48999996e+01, 0., -1.03219204e+01, 2.49500008e+01,
    0., -1.02647104e+01, 25., 0., -1.02236300e+01, 2.50499992e+01, 0.,
    -1.01711302e+01, 2.51000004e+01, 0., -1.01255302e+01, 2.51499996e+01,
    0., -1.00707703e+01, 2.52000008e+01, 0., -1.00297298e+01,
    2.52500000e+01, 0., -9.97614956e+00, 2.52999992e+01, 0.,
    -9.93058968e+00, 2.53500004e+01, 0., -9.87656975e+00, 2.53999996e+01,
    0., -9.83493042e+00, 2.54500008e+01, 0., -9.77999973e+00,
    2.55000000e+01, 0., -9.73451996e+00, 2.55499992e+01, 0.,
    -9.68653011e+00, 2.56000004e+01, 0., -9.64997005e+00, 2.56499996e+01,
    0., -9.59895039e+00, 2.57000008e+01, 0., -9.54806995e+00,
    2.57500000e+01, 0., -9.51218987e+00, 2.57999992e+01, 0.,
    -9.46477032e+00, 2.58500004e+01, 0., -9.41872978e+00, 2.58999996e+01,
    0., -9.36260986e+00, 2.59500008e+01, 0., -9.31945038e+00, 26., 0.,
    -9.26628971e+00, 2.60499992e+01, 0., -9.22420979e+00, 2.61000004e+01,
    0., -9.17241001e+00, 2.61499996e+01, 0., -9.13140965e+00,
    2.62000008e+01, 0., -9.08734989e+00, 2.62500000e+01, 0.,
    -9.05354977e+00, 2.62999992e+01, 0., -9.01187038e+00, 2.63500004e+01,
    0., -8.96912003e+00, 2.63999996e+01, 0., -8.93103981e+00,
    2.64500008e+01, 0., -8.88272953e+00, 2.65000000e+01, 0.,
    -8.84337044e+00, 2.65499992e+01, 0., -8.79973030e+00, 2.66000004e+01,
    0., -8.76780987e+00, 2.66499996e+01, 0., -8.72183037e+00,
    2.67000008e+01, 0., -8.68183041e+00, 2.67500000e+01, 0.,
    -8.63457966e+00, 2.67999992e+01, 0., -8.58815002e+00, 2.68500004e+01,
    0., -8.55138969e+00, 2.68999996e+01, 0., -8.50549030e+00,
    2.69500008e+01, 0., -8.46905041e+00, 27., 0., -8.42556000e+00,
    2.70499992e+01, 0., -8.39336014e+00, 2.71000004e+01, 0.,
    -8.35254002e+00, 2.71499996e+01, 0., -8.31966019e+00, 2.72000008e+01,
    0., -8.27912998e+00, 2.72500000e+01, 0., -8.23838997e+00,
    2.72999992e+01, 0., -8.20466995e+00, 2.73500004e+01, 0.,
    -8.16341019e+00, 2.73999996e+01, 0., -8.13152981e+00, 2.74500008e+01,
    0., -8.09031010e+00, 2.75000000e+01, 0., -8.05583000e+00,
    2.75499992e+01, 0., -8.01210022e+00, 2.76000004e+01, 0.,
    -7.97686005e+00, 2.76499996e+01, 0., -7.93564987e+00, 2.77000008e+01,
    0., -7.89480019e+00, 2.77500000e+01, 0., -7.86104012e+00,
    2.77999992e+01, 0., -7.81882000e+00, 2.78500004e+01, 0.,
    -7.78501987e+00, 2.78999996e+01, 0., -7.74442005e+00, 2.79500008e+01,
    0., -7.71286011e+00, 28., 0., -7.67620993e+00, 2.80499992e+01, 0.,
    -7.63969994e+00, 2.81000004e+01, 0., -7.60873985e+00, 2.81499996e+01,
    0., -7.57080984e+00, 2.82000008e+01, 0., -7.54140997e+00,
    2.82500000e+01, 0., -7.50308990e+00, 2.82999992e+01, 0.,
    -7.47161007e+00, 2.83500004e+01, 0., -7.42999983e+00, 2.83999996e+01,
    0., -7.38874006e+00, 2.84500008e+01, 0., -7.35869980e+00,
    2.85000000e+01, 0., -7.32250023e+00, 2.85499992e+01, 0.,
    -7.29525995e+00, 2.86000004e+01, 0., -7.25895977e+00, 2.86499996e+01,
    0., -7.22875977e+00, 2.87000008e+01, 0., -7.19396019e+00,
    2.87500000e+01, 0., -7.15922022e+00, 2.87999992e+01, 0.,
    -7.12922001e+00, 2.88500004e+01, 0., -7.09158993e+00, 2.88999996e+01,
    0., -7.06142998e+00, 2.89500008e+01, 0., -7.02541018e+00, 29., 0.,
    -6.99752998e+00, 2.90499992e+01, 0., -6.96049023e+00, 2.91000004e+01,
