%YAML:1.0
---
scan_line: [ 1.26499996e+01, 0., -1.85394306e+01, 1.26999998e+01, 0.,
    -1.84849491e+01, 1.27500000e+01, 0., -1.84049492e+01, 1.28000002e+01,
    0., -1.83029099e+01, 1.28500004e+01, 0., -1.82008705e+01,
    1.28999996e+01, 0., -1.80761509e+01, 1.29499998e+01, 0.,
    -1.79857101e+01, 13., 0., -1.78952694e+01, 1.30500002e+01, 0.,
    -1.77770405e+01, 1.31000004e+01, 0., -1.76662006e+01, 1.31499996e+01,
    0., -1.75553608e+01, 1.31999998e+01, 0., -1.74190292e+01,
    1.32500000e+01, 0., -1.73171902e+01, 1.33000002e+01, 0.,
    -1.72153492e+01, 1.33500004e+01, 0., -1.70857792e+01, 1.33999996e+01,
    0., -1.69752197e+01, 1.34499998e+01, 0., -1.68646603e+01,
    1.35000000e+01, 0., -1.67370892e+01, 1.35500002e+01, 0.,
    -1.66478901e+01, 1.36000004e+01, 0., -1.65586891e+01, 1.36499996e+01,
    0., -1.64659405e+01, 1.36999998e+01, 0., -1.64142609e+01,
    1.37500000e+01, 0., -1.63226795e+01, 1.38000002e+01, 0.,
    -1.62170792e+01, 1.38500004e+01, 0., -1.61114807e+01, 1.38999996e+01,
    0., -1.59919004e+01, 1.39499998e+01, 0., -1.59111404e+01, 14., 0.,
    -1.58303804e+01, 1.40500002e+01, 0., -1.57156000e+01, 1.41000004e+01,
    0., -1.56210403e+01, 1.41499996e+01, 0., -1.55124197e+01,
    1.41999998e+01, 0., -1.54372196e+01, 1.42500000e+01, 0.,
    -1.53620195e+01, 1.43000002e+01, 0., -1.52770100e+01, 1.43500004e+01,
    0., -1.52108498e+01, 1.43999996e+01, 0., -1.51121902e+01,
    1.44499998e+01, 0., -1.50248699e+01, 1.45000000e+01, 0.,
    -1.49170504e+01, 1.45500002e+01, 0., -1.48352098e+01, 1.46000004e+01,
    0., -1.47533703e+01, 1.46499996e+01, 0., -1.46524401e+01,
    1.46999998e+01, 0., -1.45735197e+01, 1.47500000e+01, 0.,
    -1.44811697e+01, 1.48000002e+01, 0., -1.44274502e+01, 1.48500004e+01,
    0., -1.43737297e+01, 1.48999996e+01, 0., -1.42856102e+01,
    1.49499998e+01, 0., -1.42109299e+01, 15., 0., -1.41190596e+01,
    1.50500002e+01, 0., -1.40464602e+01, 1.51000004e+01, 0.,
    -1.39551897e+01, 1.51499996e+01, 0., -1.38806696e+01, 1.51999998e+01,
    0., -1.38061504e+01, 1.52500000e+01, 0., -1.37328997e+01,
    1.53000002e+01, 0., -1.36782999e+01, 1.53500004e+01, 0.,
    -1.35971804e+01, 1.53999996e+01, 0., -1.35255404e+01, 1.54499998e+01,
    0., -1.34390497e+01, 1.55000000e+01, 0., -1.33715296e+01,
    1.55500002e+01, 0., -1.32878799e+01, 1.56000004e+01, 0.,
    -1.32235203e+01, 1.56499996e+01, 0., -1.31436100e+01, 1.56999998e+01,
    0., -1.30816898e+01, 1.57500000e+01, 0., -1.30197697e+01,
    1.58000002e+01, 0., -1.29496002e+01, 1.58500004e+01, 0.,
    -1.28950005e+01, 1.58999996e+01, 0., -1.28217402e+01, 1.59499998e+01,
    0., -1.27621803e+01, 16., 0., -1.26908197e+01, 1.60499992e+01, 0.,
    -1.26353798e+01, 1.61000004e+01, 0., -1.25636301e+01, 1.61499996e+01,
    0., -1.25033503e+01, 1.62000008e+01, 0., -1.24290104e+01,
    1.62500000e+01, 0., -1.23707705e+01, 1.62999992e+01, 0.,
    -1.23000202e+01, 1.63500004e+01, 0., -1.22501001e+01, 1.63999996e+01,
    0., -1.21860600e+01, 1.64500008e+01, 0., -1.21298199e+01,
    1.65000000e+01, 0., -1.20595598e+01, 1.65499992e+01, 0.,
    -1.20038004e+01, 1.66000004e+01, 0., -1.19480400e+01, 1.66499996e+01,
    0., -1.18804502e+01, 1.67000008e+01, 0., -1.18268099e+01,
    1.67500000e+01, 0., -1.17592402e+01, 1.67999992e+01, 0.,
    -1.17050800e+01, 1.68500004e+01, 0., -1.16355200e+01, 1.68999996e+01,
    0., -1.15795202e+01, 1.69500008e+01, 0., -1.15184402e+01, 17., 0.,
    -1.14714403e+01, 1.70499992e+01, 0., -1.14088297e+01, 1.71000004e+01,
    0., -1.13567104e+01, 1.71499996e+01, 0., -1.12958698e+01,
    1.72000008e+01, 0., -1.12495098e+01, 1.72500000e+01, 0.,
    -1.11929903e+01, 1.72999992e+01, 0., -1.11486301e+01, 1.73500004e+01,
    0., -1.10902996e+01, 1.73999996e+01, 0., -1.10421801e+01,
    1.74500008e+01, 0., -1.09779596e+01, 1.75000000e+01, 0.,
    -1.09245195e+01, 1.75499992e+01, 0., -1.08639202e+01, 1.76000004e+01,
    0., -1.08166800e+01, 1.76499996e+01, 0., -1.07579498e+01,
    1.77000008e+01, 0., -1.07111902e+01, 1.77500000e+01, 0.,
    -1.06489201e+01, 1.77999992e+01, 0., -1.05970802e+01, 1.78500004e+01,
    0., -1.05405798e+01, 1.78999996e+01, 0., -1.04970598e+01,
    1.79500008e+01, 0., -1.04463797e+01, 18., 0., -1.04066601e+01,
    1.80499992e+01, 0., -1.03531199e+01, 1.81000004e+01, 0.,
    -1.03095598e+01, 1.81499996e+01, 0., -1.02546196e+01, 1.82000008e+01,
    0., -1.02000303e+01, 1.82500000e+01, 0., -1.01577101e+01,
    1.82999992e+01, 0., -1.01054497e+01, 1.83500004e+01, 0.,
    -1.00657301e+01, 1.83999996e+01, 0., -1.00153303e+01, 1.84500008e+01,
    0., -9.97272968e+00, 1.85000000e+01, 0., -9.91996002e+00,
    1.85499992e+01, 0., -9.87835979e+00, 1.86000004e+01, 0.,
    -9.82569981e+00, 1.86499996e+01, 0., -9.78281975e+00, 1.87000008e+01,
    0., -9.73079014e+00, 1.87500000e+01, 0., -9.69114971e+00,
    1.87999992e+01, 0., -9.64060020e+00, 1.88500004e+01, 0.,
    -9.59967995e+00, 1.88999996e+01, 0., -9.55105019e+00, 1.89500008e+01,
    0., -9.51356983e+00, 19., 0., -9.46839046e+00, 1.90499992e+01, 0.,
    -9.43258953e+00, 1.91000004e+01, 0., -9.38276005e+00, 1.91499996e+01,
    0., -9.34191990e+00, 1.92000008e+01, 0., -9.29074001e+00,
    1.92500000e+01, 0., -9.24005985e+00, 1.92999992e+01, 0.,
    -9.20118046e+00, 1.93500004e+01, 0., -9.15345955e+00, 1.93999996e+01,
    0., -9.11822033e+00, 1.94500008e+01, 0., -9.07269955e+00,
    1.95000000e+01, 0., -9.03466034e+00, 1.95499992e+01, 0.,
    -8.98980045e+00, 1.96000004e+01, 0., -8.95536041e+00, 1.96499996e+01,
    0., -8.90855980e+00, 1.97000008e+01, 0., -8.86919975e+00,
    1.97500000e+01, 0., -8.82489967e+00, 1.97999992e+01, 0.,
    -8.79049969e+00, 1.98500004e+01, 0., -8.74530983e+00, 1.98999996e+01,
    0., -8.69999027e+00, 1.99500008e+01, 0., -8.66506958e+00, 20., 0.,
    -8.62077045e+00, 2.00499992e+01, 0., -8.58353043e+00, 2.01000004e+01,
    0., -8.53804970e+00, 2.01499996e+01, 0., -8.50300980e+00,
    2.02000008e+01, 0., -8.46175957e+00, 2.02500000e+01, 0.,
    -8.43019962e+00, 2.02999992e+01, 0., -8.39291954e+00, 2.03500004e+01,
    0., -8.36359978e+00, 2.03999996e+01, 0., -8.32266998e+00,
    2.04500008e+01, 0., -8.28094959e+00, 2.05000000e+01, 0.,
    -8.24870968e+00, 2.05499992e+01, 0., -8.20946026e+00, 2.06000004e+01,
    0., -8.17934036e+00, 2.06499996e+01, 0., -8.14235020e+00,
    2.07000008e+01, 0., -8.11310959e+00, 2.07500000e+01, 0.,
    -8.07538033e+00, 2.07999992e+01, 0., -8.04458046e+00, 2.08500004e+01,
    0., -8.00331974e+00, 2.08999996e+01, 0., -7.96183014e+00,
    2.09500008e+01, 0., -7.93038988e+00, 21., 0., -7.89246988e+00,
    2.10499992e+01, 0., -7.86387014e+00, 2.11000004e+01, 0.,
    -7.82385015e+00, 2.11499996e+01, 0., -7.78964996e+00, 2.12000008e+01,
    0., -7.75127983e+00, 2.12500000e+01, 0., -7.72151995e+00,
    2.12999992e+01, 0., -7.68274021e+00, 2.13500004e+01, 0.,
    -7.64263010e+00, 2.13999996e+01, 0., -7.60774994e+00, 2.14500008e+01,
    0., -7.56831980e+00, 2.15000000e+01, 0., -7.54188013e+00,
    2.15499992e+01, 0., -7.50934982e+00, 2.16000004e+01, 0.,
    -7.48363018e+00, 2.16499996e+01, 0., -7.44921017e+00, 2.17000008e+01,
    0., -7.41463995e+00, 2.17500000e+01, 0., -7.38819981e+00,
    2.17999992e+01, 0., -7.35577011e+00, 2.18500004e+01, 0.,
    -7.33068991e+00, 2.18999996e+01, 0., -7.29831982e+00, 2.19500008e+01,
    0., -7.27188015e+00, 22., 0., -7.23935986e+00, 2.20499992e+01, 0.,
    -7.20811987e+00, 2.21000004e+01, 0., -7.18656015e+00, 2.21499996e+01,
    0., -7.15713978e+00, 2.22000008e+01, 0., -7.13070011e+00,
    2.22500000e+01, 0., -7.09648991e+00, 2.22999992e+01, 0.,
    -7.06857014e+00, 2.23500004e+01, 0., -7.03374004e+00, 2.23999996e+01,
    0., -6.99927998e+00, 2.24500008e+01, 0., -6.97283983e+00,
    2.25000000e+01, 0., -6.94013977e+00, 2.25499992e+01, 0.,
    -6.91442013e+00, 2.26000004e+01, 0., -6.88322020e+00, 2.26499996e+01,
    0., -6.85881996e+00, 2.27000008e+01, 0., -6.82979012e+00,
    2.27500000e+01, 0., -6.80128002e+00, 2.27999992e+01, 0.,
    -6.77903986e+00, 2.28500004e+01, 0., -6.74843979e+00, 2.28999996e+01,
