%YAML:1.0
---
scan_line: [ 1.94500008e+01, 0., -2.25558300e+01, 1.95000000e+01, 0.,
    -2.23696709e+01, 1.96499996e+01, 0., -2.18519802e+01, 1.97000008e+01,
    0., -2.17532997e+01, 1.97500000e+01, 0., -2.16207600e+01,
    1.97999992e+01, 0., -2.14855995e+01, 1.98500004e+01, 0.,
    -2.13504391e+01, 1.98999996e+01, 0., -2.12152805e+01, 1.99500008e+01,
    0., -2.10538998e+01, 20., 0., -2.09289398e+01, 2.00499992e+01, 0.,
    -2.08039799e+01, 2.01000004e+01, 0., -2.06673298e+01, 2.01499996e+01,
    0., -2.05620098e+01, 2.02000008e+01, 0., -2.04566898e+01,
    2.02500000e+01, 0., -2.03293991e+01, 2.02999992e+01, 0.,
    -2.02285595e+01, 2.03500004e+01, 0., -2.00956802e+01, 2.03999996e+01,
    0., -1.99678402e+01, 2.04500008e+01, 0., -1.98400002e+01,
    2.05000000e+01, 0., -1.96859894e+01, 2.05499992e+01, 0.,
    -1.95815105e+01, 2.06000004e+01, 0., -1.94770298e+01, 2.06499996e+01,
    0., -1.93462601e+01, 2.07000008e+01, 0., -1.92415009e+01,
    2.07500000e+01, 0., -1.91367397e+01, 2.07999992e+01, 0.,
    -1.90282593e+01, 2.08500004e+01, 0., -1.89535809e+01, 2.08999996e+01,
    0., -1.88511791e+01, 2.09500008e+01, 0., -1.87404194e+01, 21., 0.,
    -1.86296597e+01, 2.10499992e+01, 0., -1.85035591e+01, 2.11000004e+01,
    0., -1.84176006e+01, 2.11499996e+01, 0., -1.83087807e+01,
    2.12000008e+01, 0., -1.82176609e+01, 2.12500000e+01, 0.,
    -1.81265392e+01, 2.12999992e+01, 0., -1.80114002e+01, 2.13500004e+01,
    0., -1.79187202e+01, 2.13999996e+01, 0., -1.78062801e+01,
    2.14500008e+01, 0., -1.77272396e+01, 2.15000000e+01, 0.,
    -1.76481991e+01, 2.15499992e+01, 0., -1.75401192e+01, 2.16000004e+01,
    0., -1.74487209e+01, 2.16499996e+01, 0., -1.73382301e+01,
    2.17000008e+01, 0., -1.72621899e+01, 2.17500000e+01, 0.,
    -1.71861496e+01, 2.17999992e+01, 0., -1.70851402e+01, 2.18500004e+01,
    0., -1.70032196e+01, 2.18999996e+01, 0., -1.68943596e+01,
    2.19500008e+01, 0., -1.68038406e+01, 22., 0., -1.66950703e+01,
    2.20499992e+01, 0., -1.66224308e+01, 2.21000004e+01, 0.,
    -1.65497894e+01, 2.21499996e+01, 0., -1.64584808e+01, 2.22000008e+01,
    0., -1.63852005e+01, 2.22500000e+01, 0., -1.62918091e+01,
    2.22999992e+01, 0., -1.62150497e+01, 2.23500004e+01, 0.,
    -1.61183891e+01, 2.23999996e+01, 0., -1.60387897e+01, 2.24500008e+01,
    0., -1.59591904e+01, 2.25000000e+01, 0., -1.58686399e+01,
    2.25499992e+01, 0., -1.57980003e+01, 2.26000004e+01, 0.,
    -1.57053099e+01, 2.26499996e+01, 0., -1.56288700e+01, 2.27000008e+01,
    0., -1.55359802e+01, 2.27500000e+01, 0., -1.54649000e+01,
    2.27999992e+01, 0., -1.53830900e+01, 2.28500004e+01, 0.,
    -1.53262100e+01, 2.28999996e+01, 0., -1.52526302e+01, 2.29500008e+01,
    0., -1.51858301e+01, 23., 0., -1.51190300e+01, 2.30499992e+01, 0.,
    -1.50275097e+01, 2.31000004e+01, 0., -1.49527102e+01, 2.31499996e+01,
    0., -1.48649998e+01, 2.32000008e+01, 0., -1.47959995e+01,
    2.32500000e+01, 0., -1.47176905e+01, 2.32999992e+01, 0.,
    -1.46592903e+01, 2.33500004e+01, 0., -1.45811396e+01, 2.33999996e+01,
    0., -1.45124598e+01, 2.34500008e+01, 0., -1.44302702e+01,
    2.35000000e+01, 0., -1.43690701e+01, 2.35499992e+01, 0.,
    -1.42919397e+01, 2.36000004e+01, 0., -1.42285004e+01, 2.36499996e+01,
    0., -1.41483297e+01, 2.37000008e+01, 0., -1.40816498e+01,
    2.37500000e+01, 0., -1.40018597e+01, 2.37999992e+01, 0.,
    -1.39495001e+01, 2.38500004e+01, 0., -1.38971395e+01, 2.38999996e+01,
    0., -1.38193903e+01, 2.39500008e+01, 0., -1.37547503e+01, 24., 0.,
    -1.36752005e+01, 2.40499992e+01, 0., -1.36118803e+01, 2.41000004e+01,
    0., -1.35334501e+01, 2.41499996e+01, 0., -1.34708500e+01,
    2.42000008e+01, 0., -1.34029999e+01, 2.42500000e+01, 0.,
    -1.33507996e+01, 2.42999992e+01, 0., -1.32856302e+01, 2.43500004e+01,
    0., -1.32335100e+01, 2.43999996e+01, 0., -1.31625099e+01,
    2.44500008e+01, 0., -1.31027098e+01, 2.45000000e+01, 0.,
    -1.30318203e+01, 2.45499992e+01, 0., -1.29772196e+01, 2.46000004e+01,
    0., -1.29060497e+01, 2.46499996e+01, 0., -1.28476105e+01,
    2.47000008e+01, 0., -1.27774496e+01, 2.47500000e+01, 0.,
    -1.27228899e+01, 2.47999992e+01, 0., -1.26575899e+01, 2.48500004e+01,
    0., -1.26069098e+01, 2.48999996e+01, 0., -1.25426197e+01,
    2.49500008e+01, 0., -1.24906998e+01, 25., 0., -1.24233704e+01,
    2.50499992e+01, 0., -1.23682899e+01, 2.51000004e+01, 0.,
    -1.23037300e+01, 2.51499996e+01, 0., -1.22544498e+01, 2.52000008e+01,
    0., -1.21871300e+01, 2.52500000e+01, 0., -1.21302900e+01,
    2.52999992e+01, 0., -1.20719604e+01, 2.53500004e+01, 0.,
    -1.20278397e+01, 2.53999996e+01, 0., -1.19657202e+01, 2.54500008e+01,
    0., -1.19146404e+01, 2.55000000e+01, 0., -1.18514099e+01,
    2.55499992e+01, 0., -1.18010101e+01, 2.56000004e+01, 0.,
    -1.17398701e+01, 2.56499996e+01, 0., -1.16913900e+01, 2.57000008e+01,
    0., -1.16233196e+01, 2.57500000e+01, 0., -1.15559196e+01,
    2.57999992e+01, 0., -1.15100803e+01, 2.58500004e+01, 0.,
    -1.14524202e+01, 2.58999996e+01, 0., -1.14053802e+01, 2.59500008e+01,
    0., -1.13463898e+01, 26., 0., -1.12987499e+01, 2.60499992e+01, 0.,
    -1.12392902e+01, 2.61000004e+01, 0., -1.11921301e+01, 2.61499996e+01,
    0., -1.11345596e+01, 2.62000008e+01, 0., -1.10901604e+01,
    2.62500000e+01, 0., -1.10332899e+01, 2.62999992e+01, 0.,
    -1.09862099e+01, 2.63500004e+01, 0., -1.09303503e+01, 2.63999996e+01,
    0., -1.08872700e+01, 2.64500008e+01, 0., -1.08319597e+01,
    2.65000000e+01, 0., -1.07869997e+01, 2.65499992e+01, 0.,
    -1.07286301e+01, 2.66000004e+01, 0., -1.06808701e+01, 2.66499996e+01,
    0., -1.06315098e+01, 2.67000008e+01, 0., -1.05941496e+01,
    2.67500000e+01, 0., -1.05412502e+01, 2.67999992e+01, 0.,
    -1.04879999e+01, 2.68500004e+01, 0., -1.04493599e+01, 2.68999996e+01,
    0., -1.03993902e+01, 2.69500008e+01, 0., -1.03543901e+01, 27., 0.,
    -1.02988195e+01, 2.70499992e+01, 0., -1.02552996e+01, 2.71000004e+01,
    0., -1.02024899e+01, 2.71499996e+01, 0., -1.01611700e+01,
    2.72000008e+01, 0., -1.01078596e+01, 2.72500000e+01, 0.,
    -1.00643396e+01, 2.72999992e+01, 0., -1.00115004e+01, 2.73500004e+01,
    0., -9.96957970e+00, 2.73999996e+01, 0., -9.91847992e+00,
    2.74500008e+01, 0., -9.86771965e+00, 2.75000000e+01, 0.,
    -9.82715988e+00, 2.75499992e+01, 0., -9.77663040e+00, 2.76000004e+01,
    0., -9.73682976e+00, 2.76499996e+01, 0., -9.68782043e+00,
    2.77000008e+01, 0., -9.64949989e+00, 2.77500000e+01, 0.,
    -9.60424042e+00, 2.77999992e+01, 0., -9.56952000e+00, 2.78500004e+01,
    0., -9.52291012e+00, 2.78999996e+01, 0., -9.48394966e+00,
    2.79500008e+01, 0., -9.42955971e+00, 28., 0., -9.37642002e+00,
    2.80499992e+01, 0., -9.34245968e+00, 2.81000004e+01, 0.,
    -9.29876041e+00, 2.81499996e+01, 0., -9.25992012e+00, 2.82000008e+01,
    0., -9.21343040e+00, 2.82500000e+01, 0., -9.17879009e+00,
    2.82999992e+01, 0., -9.13496017e+00, 2.83500004e+01, 0.,
    -9.09963989e+00, 2.83999996e+01, 0., -9.05200958e+00, 2.84500008e+01,
    0., -9.00537014e+00, 2.85000000e+01, 0., -8.97401047e+00,
    2.85499992e+01, 0., -8.93272018e+00, 2.86000004e+01, 0.,
    -8.89332008e+00, 2.86499996e+01, 0., -8.84642029e+00, 2.87000008e+01,
    0., -8.81186008e+00, 2.87500000e+01, 0., -8.76597023e+00,
    2.87999992e+01, 0., -8.72789001e+00, 2.88500004e+01, 0.,
    -8.68144035e+00, 2.88999996e+01, 0., -8.64455986e+00, 2.89500008e+01,
    0., -8.59722996e+00, 29., 0., -8.55018997e+00, 2.90499992e+01, 0.,
    -8.51434994e+00, 2.91000004e+01, 0., -8.47087002e+00, 2.91499996e+01,
    0., -8.43774986e+00, 2.92000008e+01, 0., -8.39846039e+00,
    2.92500000e+01, 0., -8.36818027e+00, 2.92999992e+01, 0.,
    -8.32754040e+00, 2.93500004e+01, 0., -8.28619957e+00, 2.93999996e+01,
    0., -8.25312042e+00, 2.94500008e+01, 0., -8.21313953e+00,
    2.95000000e+01, 0., -8.18286037e+00, 2.95499992e+01, 0.,
    -8.14186001e+00, 2.96000004e+01, 0., -8.10737991e+00, 2.96499996e+01,
    0., -8.06634998e+00, 2.97000008e+01, 0., -8.02624035e+00,
    2.97500000e+01, 0., -7.99552011e+00, 2.97999992e+01, 0.,
