%YAML:1.0
---
scan_line: [ 2.90000010e+00, 0., 3.00647998e+00, 2.95000005e+00, 0.,
    2.99600005e+00, 3., 0., 2.98589993e+00, 3.04999995e+00, 0.,
    2.97669005e+00, 3.09999990e+00, 0., 2.96949005e+00, 3.15000010e+00,
    0., 2.96328998e+00, 3.20000005e+00, 0., 2.95744991e+00,
    3.25000000e+00, 0., 2.95236993e+00, 3.29999995e+00, 0.,
    2.94516993e+00, 3.34999990e+00, 0., 2.93955994e+00, 3.40000010e+00,
    0., 2.93508005e+00, 3.45000005e+00, 0., 2.93156004e+00,
    3.50000000e+00, 0., 2.92768002e+00, 3.54999995e+00, 0.,
    2.92343998e+00, 3.59999990e+00, 0., 2.91768003e+00, 3.65000010e+00,
    0., 2.91267991e+00, 3.70000005e+00, 0., 2.90901995e+00,
    3.75000000e+00, 0., 2.90549994e+00, 3.79999995e+00, 0.,
    2.89937997e+00, 3.84999990e+00, 0., 2.89231992e+00, 3.90000010e+00,
    0., 2.88732004e+00, 3.95000005e+00, 0., 2.87974000e+00, 4., 0.,
    2.87178993e+00, 4.05000019e+00, 0., 2.86602998e+00, 4.09999990e+00,
    0., 2.85953999e+00, 4.15000010e+00, 0., 2.85325003e+00,
    4.19999981e+00, 0., 2.84824991e+00, 4.25000000e+00, 0.,
    2.84420991e+00, 4.30000019e+00, 0., 2.83997011e+00, 4.34999990e+00,
    0., 2.83573008e+00, 4.40000010e+00, 0., 2.82618999e+00,
    4.44999981e+00, 0., 2.81485009e+00, 4.50000000e+00, 0.,
    2.80376005e+00, 4.55000019e+00, 0., 2.79724002e+00, 4.59999990e+00,
    0., 2.78906989e+00, 4.65000010e+00, 0., 2.78088999e+00,
    4.69999981e+00, 0., 2.77436996e+00, 4.75000000e+00, 0.,
    2.76601005e+00, 4.80000019e+00, 0., 2.75873995e+00, 4.84999990e+00,
    0., 2.75442004e+00, 4.90000010e+00, 0., 2.74667001e+00,
    4.94999981e+00, 0., 2.73906994e+00, 5., 0., 2.73387003e+00,
    5.05000019e+00, 0., 2.72656012e+00, 5.09999990e+00, 0.,
    2.71980000e+00, 5.15000010e+00, 0., 2.71528006e+00, 5.19999981e+00,
    0., 2.71113992e+00, 5.25000000e+00, 0., 2.70408010e+00,
    5.30000019e+00, 0., 2.69296002e+00, 5.34999990e+00, 0.,
    2.68704009e+00, 5.40000010e+00, 0., 2.67793012e+00, 5.44999981e+00,
    0., 2.66773009e+00, 5.50000000e+00, 0., 2.65956998e+00,
    5.55000019e+00, 0., 2.64703012e+00, 5.59999990e+00, 0.,
    2.63487005e+00, 5.65000010e+00, 0., 2.62742996e+00, 5.69999981e+00,
    0., 2.61733007e+00, 5.75000000e+00, 0., 2.60702991e+00,
    5.80000019e+00, 0., 2.59882998e+00, 5.84999990e+00, 0.,
    2.58628011e+00, 5.90000010e+00, 0., 2.57542992e+00, 5.94999981e+00,
    0., 2.56604004e+00, 6., 0., 2.55859995e+00, 6.05000019e+00, 0.,
    2.54983997e+00, 6.09999990e+00, 0., 2.54077005e+00, 6.15000010e+00,
    0., 2.53120995e+00, 6.19999981e+00, 0., 2.52136993e+00,
    6.25000000e+00, 0., 2.51205993e+00, 6.30000019e+00, 0.,
    2.50465989e+00, 6.34999990e+00, 0., 2.49536991e+00, 6.40000010e+00,
    0., 2.48325992e+00, 6.44999981e+00, 0., 2.46794009e+00,
    6.50000000e+00, 0., 2.45901990e+00, 6.55000019e+00, 0.,
    2.44895005e+00, 6.59999990e+00, 0., 2.43926001e+00, 6.65000010e+00,
    0., 2.43030000e+00, 6.69999981e+00, 0., 2.42074990e+00,
    6.75000000e+00, 0., 2.41123009e+00, 6.80000019e+00, 0.,
    2.39990997e+00, 6.84999990e+00, 0., 2.38736010e+00, 6.90000010e+00,
    0., 2.37561011e+00, 6.94999981e+00, 0., 2.36668992e+00, 7., 0.,
    2.35315990e+00, 7.05000019e+00, 0., 2.34193993e+00, 7.09999990e+00,
    0., 2.33246994e+00, 7.15000010e+00, 0., 2.32431006e+00,
    7.19999981e+00, 0., 2.31350994e+00, 7.25000000e+00, 0.,
    2.30200005e+00, 7.30000019e+00, 0., 2.29159999e+00, 7.34999990e+00,
    0., 2.28006005e+00, 7.40000010e+00, 0., 2.26887012e+00,
    7.44999981e+00, 0., 2.25994992e+00, 7.50000000e+00, 0.,
    2.24875998e+00, 7.55000019e+00, 0., 2.23638010e+00, 7.59999990e+00,
    0., 2.22186995e+00, 7.65000010e+00, 0., 2.20918989e+00,
    7.69999981e+00, 0., 2.19443011e+00, 7.75000000e+00, 0.,
    2.17996001e+00, 7.80000019e+00, 0., 2.16687989e+00, 7.84999990e+00,
    0., 2.15163994e+00, 7.90000010e+00, 0., 2.13739991e+00,
    7.94999981e+00, 0., 2.12696004e+00, 8., 0., 2.11211991e+00,
    8.05000019e+00, 0., 2.09872007e+00, 8.10000038e+00, 0.,
    2.08671999e+00, 8.14999962e+00, 0., 2.07775998e+00, 8.19999981e+00,
    0., 2.06649995e+00, 8.25000000e+00, 0., 2.05465007e+00,
    8.30000019e+00, 0., 2.04328990e+00, 8.35000038e+00, 0.,
    2.03141999e+00, 8.39999962e+00, 0., 2.01865005e+00, 8.44999981e+00,
    0., 2.00660992e+00, 8.50000000e+00, 0., 1.98866999e+00,
    8.55000019e+00, 0., 1.97215998e+00, 8.60000038e+00, 0.,
    1.95706999e+00, 8.64999962e+00, 0., 1.94507003e+00, 8.69999981e+00,
    0., 1.93052006e+00, 8.75000000e+00, 0., 1.91710997e+00,
    8.80000019e+00, 0., 1.90734994e+00, 8.85000038e+00, 0.,
    1.89591002e+00, 8.89999962e+00, 0., 1.88348997e+00, 8.94999981e+00,
    0., 1.87224996e+00, 9., 0., 1.85451996e+00, 9.05000019e+00, 0.,
    1.83915997e+00, 9.10000038e+00, 0., 1.82549000e+00, 9.14999962e+00,
    0., 1.81272995e+00, 9.19999981e+00, 0., 1.79844999e+00,
    9.25000000e+00, 0., 1.78454995e+00, 9.30000019e+00, 0.,
    1.77254999e+00, 9.35000038e+00, 0., 1.75676000e+00, 9.39999962e+00,
    0., 1.74015999e+00, 9.44999981e+00, 0., 1.72314000e+00,
    9.50000000e+00, 0., 1.71114004e+00, 9.55000019e+00, 0.,
    1.69440997e+00, 9.60000038e+00, 0., 1.67665994e+00, 9.64999962e+00,
    0., 1.66266000e+00, 9.69999981e+00, 0., 1.64494002e+00,
    9.75000000e+00, 0., 1.62788999e+00, 9.80000019e+00, 0.,
    1.61509001e+00, 9.85000038e+00, 0., 1.59781003e+00, 9.89999962e+00,
    0., 1.58170998e+00, 9.94999981e+00, 0., 1.56659997e+00, 10., 0.,
    1.55455995e+00, 1.00500002e+01, 0., 1.53863001e+00, 1.01000004e+01,
    0., 1.52306998e+00, 1.01499996e+01, 0., 1.51174998e+00,
    1.01999998e+01, 0., 1.49681997e+00, 1.02500000e+01, 0.,
    1.48081994e+00, 1.03000002e+01, 0., 1.46344995e+00, 1.03500004e+01,
    0., 1.44989002e+00, 1.03999996e+01, 0., 1.43234003e+00,
    1.04499998e+01, 0., 1.41400003e+00, 1.05000000e+01, 0.,
    1.39812005e+00, 1.05500002e+01, 0., 1.38127005e+00, 1.06000004e+01,
    0., 1.36457002e+00, 1.06499996e+01, 0., 1.34700000e+00,
    1.06999998e+01, 0., 1.33340001e+00, 1.07500000e+01, 0.,
    1.31594002e+00, 1.08000002e+01, 0., 1.29688001e+00, 1.08500004e+01,
    0., 1.27748001e+00, 1.08999996e+01, 0., 1.25594997e+00,
    1.09499998e+01, 0., 1.23636997e+00, 11., 0., 1.21844995e+00,
    1.10500002e+01, 0., 1.20328999e+00, 1.11000004e+01, 0.,
    1.18713999e+00, 1.11499996e+01, 0., 1.17198002e+00, 1.11999998e+01,
    0., 1.15693998e+00, 1.12500000e+01, 0., 1.13893998e+00,
    1.13000002e+01, 0., 1.12065995e+00, 1.13500004e+01, 0.,
    1.10546005e+00, 1.13999996e+01, 0., 1.08301997e+00, 1.14499998e+01,
    0., 1.06230998e+00, 1.15000000e+01, 0., 1.04241002e+00,
    1.15500002e+01, 0., 1.02381003e+00, 1.16000004e+01, 0.,
    1.00391996e+00, 1.16499996e+01, 0., 9.85650003e-01, 1.16999998e+01,
    0., 9.71930027e-01, 1.17500000e+01, 0., 9.49140012e-01,
    1.18000002e+01, 0., 9.28569973e-01, 1.18500004e+01, 0.,
    9.10080016e-01, 1.18999996e+01, 0., 8.94039989e-01, 1.19499998e+01,
    0., 8.74750018e-01, 12., 0., 8.56440008e-01, 1.20500002e+01, 0.,
    8.42719972e-01, 1.21000004e+01, 0., 8.19729984e-01, 1.21499996e+01,
    0., 7.96379983e-01, 1.21999998e+01, 0., 7.73670018e-01,
    1.22500000e+01, 0., 7.54989982e-01, 1.23000002e+01, 0.,
    7.34279990e-01, 1.23500004e+01, 0., 7.16130018e-01, 1.23999996e+01,
    0., 7.03930020e-01, 1.24499998e+01, 0., 6.82150006e-01,
    1.25000000e+01, 0., 6.60210013e-01, 1.25500002e+01, 0.,
    6.38530016e-01, 1.26000004e+01, 0., 6.19170010e-01, 1.26499996e+01,
    0., 5.96769989e-01, 1.26999998e+01, 0., 5.74209988e-01,
    1.27500000e+01, 0., 5.52240014e-01, 1.28000002e+01, 0.,
    5.39279997e-01, 1.28500004e+01, 0., 5.20739973e-01, 1.28999996e+01,
    0., 4.99810010e-01, 1.29499998e+01, 0., 4.80250001e-01, 13., 0.,
    4.57199991e-01, 1.30500002e+01, 0., 4.35110003e-01, 1.31000004e+01,
    0., 4.14370000e-01, 1.31499996e+01, 0., 3.99089992e-01,
    1.31999998e+01, 0., 3.78829986e-01, 1.32500000e+01, 0.,
    3.57100010e-01, 1.33000002e+01, 0., 3.37500006e-01, 1.33500004e+01,
    0., 3.13459992e-01, 1.33999996e+01, 0., 2.87600011e-01,
