%YAML:1.0
---
scan_line: [ 6.99999988e-01, 0., -2.31608601e+01, 7.50000000e-01, 0.,
    -2.31248608e+01, 8.00000012e-01, 0., -2.30729599e+01, 8.50000024e-01,
    0., -2.30277596e+01, 8.99999976e-01, 0., -2.29645901e+01,
    9.49999988e-01, 0., -2.29105492e+01, 1., 0., -2.28369999e+01,
    1.04999995e+00, 0., -2.27590008e+01, 1.10000002e+00, 0.,
    -2.26809998e+01, 1.14999998e+00, 0., -2.25719299e+01, 1.20000005e+00,
    0., -2.24785309e+01, 1.25000000e+00, 0., -2.23851299e+01,
    1.29999995e+00, 0., -2.22673492e+01, 1.35000002e+00, 0.,
    -2.21719494e+01, 1.39999998e+00, 0., -2.20765495e+01, 1.45000005e+00,
    0., -2.19614601e+01, 1.50000000e+00, 0., -2.18827000e+01,
    1.54999995e+00, 0., -2.18039398e+01, 1.60000002e+00, 0.,
    -2.17041607e+01, 1.64999998e+00, 0., -2.16227608e+01, 1.70000005e+00,
    0., -2.15413609e+01, 1.75000000e+00, 0., -2.14422798e+01,
    1.79999995e+00, 0., -2.13635998e+01, 1.85000002e+00, 0.,
    -2.12849197e+01, 1.89999998e+00, 0., -2.11744709e+01, 1.95000005e+00,
    0., -2.10837498e+01, 2., 0., -2.09930305e+01, 2.04999995e+00, 0.,
    -2.08913708e+01, 2.09999990e+00, 0., -2.08124104e+01, 2.15000010e+00,
    0., -2.07141895e+01, 2.20000005e+00, 0., -2.06373501e+01,
    2.25000000e+00, 0., -2.05605106e+01, 2.29999995e+00, 0.,
    -2.04640503e+01, 2.34999990e+00, 0., -2.03864098e+01, 2.40000010e+00,
    0., -2.03087692e+01, 2.45000005e+00, 0., -2.02172203e+01,
    2.50000000e+00, 0., -2.01451397e+01, 2.54999995e+00, 0.,
    -2.00521507e+01, 2.59999990e+00, 0., -1.99687500e+01, 2.65000010e+00,
    0., -1.98853493e+01, 2.70000005e+00, 0., -1.97799492e+01,
    2.75000000e+00, 0., -1.96950703e+01, 2.79999995e+00, 0.,
    -1.96101894e+01, 2.84999990e+00, 0., -1.95200500e+01, 2.90000010e+00,
    0., -1.94565697e+01, 2.95000005e+00, 0., -1.93720303e+01, 3., 0.,
    -1.92878304e+01, 3.04999995e+00, 0., -1.92036304e+01, 3.09999990e+00,
    0., -1.91304607e+01, 3.15000010e+00, 0., -1.90890598e+01,
    3.20000005e+00, 0., -1.90191994e+01, 3.25000000e+00, 0.,
    -1.89416409e+01, 3.29999995e+00, 0., -1.88640804e+01, 3.34999990e+00,
    0., -1.87692795e+01, 3.40000010e+00, 0., -1.86945992e+01,
    3.45000005e+00, 0., -1.86032600e+01, 3.50000000e+00, 0.,
    -1.85368195e+01, 3.54999995e+00, 0., -1.84703808e+01, 3.59999990e+00,
    0., -1.83804398e+01, 3.65000010e+00, 0., -1.83048401e+01,
    3.70000005e+00, 0., -1.82166691e+01, 3.75000000e+00, 0.,
    -1.81665096e+01, 3.79999995e+00, 0., -1.81163502e+01, 3.84999990e+00,
    0., -1.80369492e+01, 3.90000010e+00, 0., -1.79701099e+01,
    3.95000005e+00, 0., -1.78937397e+01, 4., 0., -1.78365803e+01,
    4.05000019e+00, 0., -1.77639198e+01, 4.09999990e+00, 0.,
    -1.77044392e+01, 4.15000010e+00, 0., -1.76280308e+01, 4.19999981e+00,
    0., -1.75604706e+01, 4.25000000e+00, 0., -1.74929104e+01,
    4.30000019e+00, 0., -1.74160709e+01, 4.34999990e+00, 0.,
    -1.73587894e+01, 4.40000010e+00, 0., -1.72834091e+01, 4.44999981e+00,
    0., -1.72110100e+01, 4.50000000e+00, 0., -1.71386108e+01,
    4.55000019e+00, 0., -1.70619106e+01, 4.59999990e+00, 0.,
    -1.70079098e+01, 4.65000010e+00, 0., -1.69343605e+01, 4.69999981e+00,
    0., -1.68684406e+01, 4.75000000e+00, 0., -1.67882710e+01,
    4.80000019e+00, 0., -1.67313900e+01, 4.84999990e+00, 0.,
    -1.66745090e+01, 4.90000010e+00, 0., -1.65995293e+01, 4.94999981e+00,
    0., -1.65387707e+01, 5., 0., -1.64685593e+01, 5.05000019e+00, 0.,
    -1.64193993e+01, 5.09999990e+00, 0., -1.63537998e+01, 5.15000010e+00,
    0., -1.62964401e+01, 5.19999981e+00, 0., -1.62259502e+01,
    5.25000000e+00, 0., -1.61735497e+01, 5.30000019e+00, 0.,
    -1.61211491e+01, 5.34999990e+00, 0., -1.60403404e+01, 5.40000010e+00,
    0., -1.59726601e+01, 5.44999981e+00, 0., -1.58974199e+01,
    5.50000000e+00, 0., -1.58422203e+01, 5.55000019e+00, 0.,
    -1.57792797e+01, 5.59999990e+00, 0., -1.57362404e+01, 5.65000010e+00,
    0., -1.56764803e+01, 5.69999981e+00, 0., -1.56096001e+01,
    5.75000000e+00, 0., -1.55427198e+01, 5.80000019e+00, 0.,
    -1.54691801e+01, 5.84999990e+00, 0., -1.54123802e+01, 5.90000010e+00,
    0., -1.53459997e+01, 5.94999981e+00, 0., -1.52953596e+01, 6., 0.,
    -1.52369900e+01, 6.05000019e+00, 0., -1.51929502e+01, 6.09999990e+00,
    0., -1.51323099e+01, 6.15000010e+00, 0., -1.50771904e+01,
    6.19999981e+00, 0., -1.50077801e+01, 6.25000000e+00, 0.,
    -1.49517403e+01, 6.30000019e+00, 0., -1.48825903e+01, 6.34999990e+00,
    0., -1.48304300e+01, 6.40000010e+00, 0., -1.47782698e+01,
    6.44999981e+00, 0., -1.47162704e+01, 6.50000000e+00, 0.,
    -1.46673098e+01, 6.55000019e+00, 0., -1.46034498e+01, 6.59999990e+00,
    0., -1.45510101e+01, 6.65000010e+00, 0., -1.44896498e+01,
    6.69999981e+00, 0., -1.44428902e+01, 6.75000000e+00, 0.,
    -1.43823996e+01, 6.80000019e+00, 0., -1.43329201e+01, 6.84999990e+00,
    0., -1.42701302e+01, 6.90000010e+00, 0., -1.42189302e+01,
    6.94999981e+00, 0., -1.41587095e+01, 7., 0., -1.41151104e+01,
    7.05000019e+00, 0., -1.40579395e+01, 7.09999990e+00, 0.,
    -1.40037003e+01, 7.15000010e+00, 0., -1.39387598e+01, 7.19999981e+00,
    0., -1.38961201e+01, 7.25000000e+00, 0., -1.38406696e+01,
    7.30000019e+00, 0., -1.37895498e+01, 7.34999990e+00, 0.,
    -1.37384300e+01, 7.40000010e+00, 0., -1.36837301e+01, 7.44999981e+00,
    0., -1.36418104e+01, 7.50000000e+00, 0., -1.35809898e+01,
    7.55000019e+00, 0., -1.35307102e+01, 7.59999990e+00, 0.,
    -1.34740601e+01, 7.65000010e+00, 0., -1.34300203e+01, 7.69999981e+00,
    0., -1.33770304e+01, 7.75000000e+00, 0., -1.33358297e+01,
    7.80000019e+00, 0., -1.32785101e+01, 7.84999990e+00, 0.,
    -1.32296305e+01, 7.90000010e+00, 0., -1.31719103e+01, 7.94999981e+00,
    0., -1.31275501e+01, 8., 0., -1.30692196e+01, 8.05000019e+00, 0.,
    -1.30211000e+01, 8.10000038e+00, 0., -1.29661798e+01, 8.14999962e+00,
    0., -1.29251404e+01, 8.19999981e+00, 0., -1.28680801e+01,
    8.25000000e+00, 0., -1.28155203e+01, 8.30000019e+00, 0.,
    -1.27587605e+01, 8.35000038e+00, 0., -1.27241602e+01, 8.39999962e+00,
    0., -1.26738796e+01, 8.44999981e+00, 0., -1.26252403e+01,
    8.50000000e+00, 0., -1.25647001e+01, 8.55000019e+00, 0.,
    -1.25166998e+01, 8.60000038e+00, 0., -1.24605398e+01, 8.64999962e+00,
    0., -1.24202204e+01, 8.69999981e+00, 0., -1.23698101e+01,
    8.75000000e+00, 0., -1.23295698e+01, 8.80000019e+00, 0.,
    -1.22804604e+01, 8.85000038e+00, 0., -1.22427397e+01, 8.89999962e+00,
    0., -1.21900902e+01, 8.94999981e+00, 0., -1.21415300e+01, 9., 0.,
    -1.20875502e+01, 9.05000019e+00, 0., -1.20524302e+01, 9.10000038e+00,
    0., -1.20030603e+01, 9.14999962e+00, 0., -1.19571400e+01,
    9.19999981e+00, 0., -1.19038401e+01, 9.25000000e+00, 0.,
    -1.18662004e+01, 9.30000019e+00, 0., -1.18175402e+01, 9.35000038e+00,
    0., -1.17768202e+01, 9.39999962e+00, 0., -1.17254000e+01,
    9.44999981e+00, 0., -1.16837997e+01, 9.50000000e+00, 0.,
    -1.16305504e+01, 9.55000019e+00, 0., -1.15873098e+01, 9.60000038e+00,
    0., -1.15374899e+01, 9.64999962e+00, 0., -1.14999304e+01,
    9.69999981e+00, 0., -1.14501495e+01, 9.75000000e+00, 0.,
    -1.14088697e+01, 9.80000019e+00, 0., -1.13596096e+01, 9.85000038e+00,
    0., -1.13214502e+01, 9.89999962e+00, 0., -1.12737198e+01,
    9.94999981e+00, 0., -1.12355604e+01, 10., 0., -1.11850996e+01,
    1.00500002e+01, 0., -1.11432600e+01, 1.01000004e+01, 0.,
    -1.10965796e+01, 1.01499996e+01, 0., -1.10622997e+01, 1.01999998e+01,
    0., -1.10099602e+01, 1.02500000e+01, 0., -1.09662399e+01,
    1.03000002e+01, 0., -1.09235201e+01, 1.03500004e+01, 0.,
    -1.08917999e+01, 1.03999996e+01, 0., -1.08453398e+01, 1.04499998e+01,
    0., -1.07986202e+01, 1.05000000e+01, 0., -1.07656603e+01,
    1.05500002e+01, 0., -1.07226801e+01, 1.06000004e+01, 0.,
    -1.06828003e+01, 1.06499996e+01, 0., -1.06336203e+01, 1.06999998e+01,
    0., -1.05965796e+01, 1.07500000e+01, 0., -1.05526199e+01,
    1.08000002e+01, 0., -1.05203400e+01, 1.08500004e+01, 0.,
    -1.04774599e+01, 1.08999996e+01, 0., -1.04401798e+01, 1.09499998e+01,
