%YAML:1.0
---
scan_line: [ 1.51999998e+01, 0., -2.00448704e+01, 1.52500000e+01, 0.,
    -1.98760300e+01, 1.53999996e+01, 0., -1.94000301e+01, 1.54499998e+01,
    0., -1.93768692e+01, 1.55000000e+01, 0., -1.92460403e+01,
    1.55500002e+01, 0., -1.90870800e+01, 1.56000004e+01, 0.,
    -1.89281197e+01, 1.56499996e+01, 0., -1.87691593e+01, 1.56999998e+01,
    0., -1.85771294e+01, 1.57500000e+01, 0., -1.84451694e+01,
    1.58000002e+01, 0., -1.83132095e+01, 1.58500004e+01, 0.,
    -1.81812496e+01, 1.58999996e+01, 0., -1.80332108e+01, 1.59499998e+01,
    0., -1.79350891e+01, 16., 0., -1.78369694e+01, 1.60499992e+01, 0.,
    -1.77014904e+01, 1.61000004e+01, 0., -1.75905704e+01, 1.61499996e+01,
    0., -1.74796505e+01, 1.62000008e+01, 0., -1.73297691e+01,
    1.62500000e+01, 0., -1.72040501e+01, 1.62999992e+01, 0.,
    -1.70783291e+01, 1.63500004e+01, 0., -1.69324207e+01, 1.63999996e+01,
    0., -1.68293800e+01, 1.64500008e+01, 0., -1.67263393e+01,
    1.65000000e+01, 0., -1.66022491e+01, 1.65499992e+01, 0.,
    -1.65054893e+01, 1.66000004e+01, 0., -1.64087296e+01, 1.66499996e+01,
    0., -1.62835598e+01, 1.67000008e+01, 0., -1.61826000e+01,
    1.67500000e+01, 0., -1.60816402e+01, 1.67999992e+01, 0.,
    -1.59469604e+01, 1.68500004e+01, 0., -1.58375998e+01, 1.68999996e+01,
    0., -1.57039299e+01, 1.69500008e+01, 0., -1.56066904e+01, 17., 0.,
    -1.55094500e+01, 1.70499992e+01, 0., -1.53844805e+01, 1.71000004e+01,
    0., -1.52804003e+01, 1.71499996e+01, 0., -1.51763201e+01,
    1.72000008e+01, 0., -1.50524302e+01, 1.72500000e+01, 0.,
    -1.49609098e+01, 1.72999992e+01, 0., -1.48693895e+01, 1.73500004e+01,
    0., -1.47562304e+01, 1.73999996e+01, 0., -1.46660299e+01,
    1.74500008e+01, 0., -1.45587397e+01, 1.75000000e+01, 0.,
    -1.44903803e+01, 1.75499992e+01, 0., -1.44220200e+01, 1.76000004e+01,
    0., -1.43044901e+01, 1.76499996e+01, 0., -1.42041302e+01,
    1.77000008e+01, 0., -1.40847902e+01, 1.77500000e+01, 0.,
    -1.40089903e+01, 1.77999992e+01, 0., -1.39331903e+01, 1.78500004e+01,
    0., -1.38316698e+01, 1.78999996e+01, 0., -1.37491102e+01,
    1.79500008e+01, 0., -1.36427402e+01, 18., 0., -1.35538597e+01,
    1.80499992e+01, 0., -1.34413996e+01, 1.81000004e+01, 0.,
    -1.33472404e+01, 1.81499996e+01, 0., -1.32530804e+01, 1.82000008e+01,
    0., -1.31494398e+01, 1.82500000e+01, 0., -1.30835600e+01,
    1.82999992e+01, 0., -1.29987202e+01, 1.83500004e+01, 0.,
    -1.29230404e+01, 1.83999996e+01, 0., -1.28473597e+01, 1.84500008e+01,
    0., -1.27471199e+01, 1.85000000e+01, 0., -1.26658001e+01,
    1.85499992e+01, 0., -1.25684500e+01, 1.86000004e+01, 0.,
    -1.24958496e+01, 1.86499996e+01, 0., -1.24052200e+01, 1.87000008e+01,
    0., -1.23332596e+01, 1.87500000e+01, 0., -1.22613001e+01,
    1.87999992e+01, 0., -1.21800299e+01, 1.88500004e+01, 0.,
    -1.21167898e+01, 1.88999996e+01, 0., -1.20281401e+01, 1.89500008e+01,
    0., -1.19522200e+01, 19., 0., -1.18567801e+01, 1.90499992e+01, 0.,
    -1.17797804e+01, 1.91000004e+01, 0., -1.16838398e+01, 1.91499996e+01,
    0., -1.16080799e+01, 1.92000008e+01, 0., -1.15323200e+01,
    1.92500000e+01, 0., -1.14376602e+01, 1.92999992e+01, 0.,
    -1.13619804e+01, 1.93500004e+01, 0., -1.12811804e+01, 1.93999996e+01,
    0., -1.12239399e+01, 1.94500008e+01, 0., -1.11492395e+01,
    1.95000000e+01, 0., -1.10857601e+01, 1.95499992e+01, 0.,
    -1.10066996e+01, 1.96000004e+01, 0., -1.09445400e+01, 1.96499996e+01,
    0., -1.08644600e+01, 1.97000008e+01, 0., -1.07931004e+01,
    1.97500000e+01, 0., -1.07217398e+01, 1.97999992e+01, 0.,
    -1.06423197e+01, 1.98500004e+01, 0., -1.05807600e+01, 1.98999996e+01,
    0., -1.04938498e+01, 1.99500008e+01, 0., -1.04191303e+01, 20., 0.,
    -1.03394899e+01, 2.00499992e+01, 0., -1.02831297e+01, 2.01000004e+01,
    0., -1.02083902e+01, 2.01499996e+01, 0., -1.01435099e+01,
    2.02000008e+01, 0., -1.00628099e+01, 2.02500000e+01, 0.,
    -9.99960995e+00, 2.02999992e+01, 0., -9.92096996e+00, 2.03500004e+01,
    0., -9.85921001e+00, 2.03999996e+01, 0., -9.78164005e+00,
    2.04500008e+01, 0., -9.71864033e+00, 2.05000000e+01, 0.,
    -9.65563965e+00, 2.05499992e+01, 0., -9.57680035e+00, 2.06000004e+01,
    0., -9.51379967e+00, 2.06499996e+01, 0., -9.44141006e+00,
    2.07000008e+01, 0., -9.38481045e+00, 2.07500000e+01, 0.,
    -9.31466007e+00, 2.07999992e+01, 0., -9.25870037e+00, 2.08500004e+01,
    0., -9.18927956e+00, 2.08999996e+01, 0., -9.13407993e+00,
    2.09500008e+01, 0., -9.06414986e+00, 21., 0., -9.00778961e+00,
    2.10499992e+01, 0., -8.94248009e+00, 2.11000004e+01, 0.,
    -8.89307976e+00, 2.11499996e+01, 0., -8.82752991e+00, 2.12000008e+01,
    0., -8.77309036e+00, 2.12500000e+01, 0., -8.70318985e+00,
    2.12999992e+01, 0., -8.64634991e+00, 2.13500004e+01, 0.,
    -8.57065010e+00, 2.13999996e+01, 0., -8.50761032e+00, 2.14500008e+01,
    0., -8.43951988e+00, 2.15000000e+01, 0., -8.39083958e+00,
    2.15499992e+01, 0., -8.32339954e+00, 2.16000004e+01, 0.,
    -8.26603985e+00, 2.16499996e+01, 0., -8.19756985e+00, 2.17000008e+01,
    0., -8.14457035e+00, 2.17500000e+01, 0., -8.08347034e+00,
    2.17999992e+01, 0., -8.03734970e+00, 2.18500004e+01, 0.,
    -7.97639990e+00, 2.18999996e+01, 0., -7.92592001e+00, 2.19500008e+01,
    0., -7.86566019e+00, 22., 0., -7.81898022e+00, 2.20499992e+01, 0.,
    -7.75684977e+00, 2.21000004e+01, 0., -7.70517015e+00, 2.21499996e+01,
    0., -7.63911009e+00, 2.22000008e+01, 0., -7.58554983e+00,
    2.22500000e+01, 0., -7.52148008e+00, 2.22999992e+01, 0.,
    -7.47175980e+00, 2.23500004e+01, 0., -7.40703011e+00, 2.23999996e+01,
    0., -7.35386992e+00, 2.24500008e+01, 0., -7.29080009e+00,
    2.25000000e+01, 0., -7.24107981e+00, 2.25499992e+01, 0.,
    -7.18520021e+00, 2.26000004e+01, 0., -7.14179993e+00, 2.26499996e+01,
    0., -7.08374023e+00, 2.27000008e+01, 0., -7.03658009e+00,
    2.27500000e+01, 0., -6.97314978e+00, 2.27999992e+01, 0.,
    -6.90976000e+00, 2.28500004e+01, 0., -6.86263990e+00, 2.28999996e+01,
    0., -6.80435991e+00, 2.29500008e+01, 0., -6.75975990e+00, 23., 0.,
    -6.70194006e+00, 2.30499992e+01, 0., -6.64905977e+00, 2.31000004e+01,
    0., -6.58778000e+00, 2.31499996e+01, 0., -6.54453993e+00,
    2.32000008e+01, 0., -6.49104977e+00, 2.32500000e+01, 0.,
    -6.44909000e+00, 2.32999992e+01, 0., -6.39258003e+00, 2.33500004e+01,
    0., -6.34261990e+00, 2.33999996e+01, 0., -6.28709984e+00,
    2.34500008e+01, 0., -6.24641991e+00, 2.35000000e+01, 0.,
    -6.18920994e+00, 2.35499992e+01, 0., -6.14004993e+00, 2.36000004e+01,
    0., -6.08715010e+00, 2.36499996e+01, 0., -6.04654980e+00,
    2.37000008e+01, 0., -5.99028015e+00, 2.37500000e+01, 0.,
    -5.94420004e+00, 2.37999992e+01, 0., -5.88636017e+00, 2.38500004e+01,
    0., -5.82989979e+00, 2.38999996e+01, 0., -5.78946018e+00,
    2.39500008e+01, 0., -5.73892021e+00, 24., 0., -5.69884014e+00,
    2.40499992e+01, 0., -5.64568996e+00, 2.41000004e+01, 0.,
    -5.59953022e+00, 2.41499996e+01, 0., -5.55062008e+00, 2.42000008e+01,
    0., -5.51626015e+00, 2.42500000e+01, 0., -5.46391010e+00,
    2.42999992e+01, 0., -5.41706991e+00, 2.43500004e+01, 0.,
    -5.36610985e+00, 2.43999996e+01, 0., -5.32686996e+00, 2.44500008e+01,
    0., -5.27163982e+00, 2.45000000e+01, 0., -5.21619987e+00,
    2.45499992e+01, 0., -5.17628002e+00, 2.46000004e+01, 0.,
    -5.12486982e+00, 2.46499996e+01, 0., -5.08206987e+00, 2.47000008e+01,
    0., -5.03071022e+00, 2.47500000e+01, 0., -4.99218988e+00,
    2.47999992e+01, 0., -4.94360018e+00, 2.48500004e+01, 0.,
    -4.90452003e+00, 2.48999996e+01, 0., -4.85610008e+00, 2.49500008e+01,
    0., -4.81761980e+00, 25., 0., -4.76679993e+00, 2.50499992e+01, 0.,
    -4.71668005e+00, 2.51000004e+01, 0., -4.68100023e+00, 2.51499996e+01,
    0., -4.63561010e+00, 2.52000008e+01, 0., -4.59845018e+00,
    2.52500000e+01, 0., -4.55102015e+00, 2.52999992e+01, 0.,
    -4.51194000e+00, 2.53500004e+01, 0., -4.45951986e+00, 2.53999996e+01,
    0., -4.41571999e+00, 2.54500008e+01, 0., -4.36947012e+00,
    2.55000000e+01, 0., -4.33418989e+00, 2.55499992e+01, 0.,
