%YAML:1.0
---
scan_line: [ 2.83500004e+01, 0., -2.33178101e+01, 2.83999996e+01, 0.,
    -2.32760906e+01, 2.84500008e+01, 0., -2.32350407e+01, 2.85000000e+01,
    0., -2.32376804e+01, 2.85499992e+01, 0., -2.32355499e+01,
    2.86000004e+01, 0., -2.32309494e+01, 2.86499996e+01, 0.,
    -2.32159405e+01, 2.87000008e+01, 0., -2.31963291e+01, 2.87500000e+01,
    0., -2.31732502e+01, 2.87999992e+01, 0., -2.30934792e+01,
    2.88500004e+01, 0., -2.29685593e+01, 2.88999996e+01, 0.,
    -2.28436394e+01, 2.89500008e+01, 0., -2.27192707e+01, 29., 0.,
    -2.26579094e+01, 2.90499992e+01, 0., -2.25683002e+01, 2.91000004e+01,
    0., -2.24812202e+01, 2.91499996e+01, 0., -2.23683205e+01,
    2.92000008e+01, 0., -2.22653198e+01, 2.92500000e+01, 0.,
    -2.21623192e+01, 2.92999992e+01, 0., -2.20298405e+01, 2.93500004e+01,
    0., -2.19220009e+01, 2.93999996e+01, 0., -2.17937603e+01,
    2.94500008e+01, 0., -2.17125607e+01, 2.95000000e+01, 0.,
    -2.16313591e+01, 2.95499992e+01, 0., -2.14990406e+01, 2.96000004e+01,
    0., -2.13870792e+01, 2.96499996e+01, 0., -2.12667999e+01,
    2.97000008e+01, 0., -2.11943607e+01, 2.97500000e+01, 0.,
    -2.11002903e+01, 2.97999992e+01, 0., -2.10139294e+01, 2.98500004e+01,
    0., -2.09275703e+01, 2.98999996e+01, 0., -2.08379707e+01,
    2.99500008e+01, 0., -2.07699699e+01, 30., 0., -2.06776199e+01,
    3.00499992e+01, 0., -2.05999393e+01, 3.01000004e+01, 0.,
    -2.04975491e+01, 3.01499996e+01, 0., -2.04093094e+01, 3.02000008e+01,
    0., -2.03016701e+01, 3.02500000e+01, 0., -2.02187500e+01,
    3.02999992e+01, 0., -2.01177807e+01, 3.03500004e+01, 0.,
    -2.00458603e+01, 3.03999996e+01, 0., -1.99739399e+01, 3.04500008e+01,
    0., -1.98901691e+01, 3.05000000e+01, 0., -1.98244495e+01,
    3.05499992e+01, 0., -1.97440205e+01, 3.06000004e+01, 0.,
    -1.96800995e+01, 3.06499996e+01, 0., -1.95993500e+01, 3.07000008e+01,
    0., -1.95343895e+01, 3.07500000e+01, 0., -1.94536991e+01,
    3.07999992e+01, 0., -1.93894196e+01, 3.08500004e+01, 0.,
    -1.93036404e+01, 3.08999996e+01, 0., -1.92321205e+01, 3.09500008e+01,
    0., -1.91512108e+01, 31., 0., -1.90910892e+01, 3.10499992e+01, 0.,
    -1.90125809e+01, 3.11000004e+01, 0., -1.89458199e+01, 3.11499996e+01,
    0., -1.88627110e+01, 3.12000008e+01, 0., -1.87966709e+01,
    3.12500000e+01, 0., -1.87194309e+01, 3.12999992e+01, 0.,
    -1.86641102e+01, 3.13500004e+01, 0., -1.85925999e+01, 3.13999996e+01,
    0., -1.85326405e+01, 3.14500008e+01, 0., -1.84586792e+01,
    3.15000000e+01, 0., -1.84007607e+01, 3.15499992e+01, 0.,
    -1.83310299e+01, 3.16000004e+01, 0., -1.82785091e+01, 3.16499996e+01,
    0., -1.82117901e+01, 3.17000008e+01, 0., -1.81572704e+01,
    3.17500000e+01, 0., -1.80841503e+01, 3.17999992e+01, 0.,
    -1.80197105e+01, 3.18500004e+01, 0., -1.79455204e+01, 3.18999996e+01,
    0., -1.78938007e+01, 3.19500008e+01, 0., -1.78280697e+01, 32., 0.,
    -1.77743492e+01, 3.20499992e+01, 0., -1.77079697e+01, 3.20999985e+01,
    0., -1.76558094e+01, 3.21500015e+01, 0., -1.75894794e+01,
    3.22000008e+01, 0., -1.75358391e+01, 3.22500000e+01, 0.,
    -1.74722900e+01, 3.22999992e+01, 0., -1.74233303e+01, 3.23499985e+01,
    0., -1.73603592e+01, 3.24000015e+01, 0., -1.73090801e+01,
    3.24500008e+01, 0., -1.72519093e+01, 3.25000000e+01, 0.,
    -1.72076302e+01, 3.25499992e+01, 0., -1.71512794e+01, 3.25999985e+01,
    0., -1.70935707e+01, 3.26500015e+01, 0., -1.70440903e+01,
    3.27000008e+01, 0., -1.69828396e+01, 3.27500000e+01, 0.,
    -1.69360409e+01, 3.27999992e+01, 0., -1.68760204e+01, 3.28499985e+01,
    0., -1.68233795e+01, 3.29000015e+01, 0., -1.67631302e+01,
    3.29500008e+01, 0., -1.67216492e+01, 33., 0., -1.66667995e+01,
    3.30499992e+01, 0., -1.66194000e+01, 3.30999985e+01, 0.,
    -1.65655499e+01, 3.31500015e+01, 0., -1.65254307e+01, 3.32000008e+01,
    0., -1.64708691e+01, 3.32500000e+01, 0., -1.64249496e+01,
    3.32999992e+01, 0., -1.63740101e+01, 3.33499985e+01, 0.,
    -1.63345699e+01, 3.34000015e+01, 0., -1.62787895e+01, 3.34500008e+01,
    0., -1.62230206e+01, 3.35000000e+01, 0., -1.61836205e+01,
    3.35499992e+01, 0., -1.61329193e+01, 3.35999985e+01, 0.,
    -1.60878391e+01, 3.36500015e+01, 0., -1.60333004e+01, 3.37000008e+01,
    0., -1.59919796e+01, 3.37500000e+01, 0., -1.59417400e+01,
    3.37999992e+01, 0., -1.59023399e+01, 3.38499985e+01, 0.,
    -1.58544502e+01, 3.39000015e+01, 0., -1.58168898e+01, 3.39500008e+01,
    0., -1.57669096e+01, 34., 0., -1.57175398e+01, 3.40499992e+01, 0.,
    -1.56821404e+01, 3.40999985e+01, 0., -1.56362305e+01, 3.41500015e+01,
    0., -1.55943098e+01, 3.42000008e+01, 0., -1.55414400e+01,
    3.42500000e+01, 0., -1.54987202e+01, 3.42999992e+01, 0.,
    -1.54503298e+01, 3.43499985e+01, 0., -1.54143295e+01, 3.44000015e+01,
    0., -1.53679800e+01, 3.44500008e+01, 0., -1.53306999e+01,
    3.45000000e+01, 0., -1.52823601e+01, 3.45499992e+01, 0.,
    -1.52343998e+01, 3.45999985e+01, 0., -1.51983995e+01, 3.46500015e+01,
    0., -1.51526003e+01, 3.47000008e+01, 0., -1.51150799e+01,
    3.47500000e+01, 0., -1.50732603e+01, 3.47999992e+01, 0.,
    -1.50425797e+01, 3.48499985e+01, 0., -1.49990501e+01, 3.49000015e+01,
    0., -1.49615297e+01, 3.49500008e+01, 0., -1.49190998e+01, 35., 0.,
    -1.48772402e+01, 3.50499992e+01, 0., -1.48420401e+01, 3.50999985e+01,
    0., -1.47986698e+01, 3.51500015e+01, 0., -1.47648697e+01,
    3.52000008e+01, 0., -1.47242804e+01, 3.52500000e+01, 0.,
    -1.46927204e+01, 3.52999992e+01, 0., -1.46533098e+01, 3.53499985e+01,
    0., -1.46138296e+01, 3.54000015e+01, 0., -1.45822697e+01,
    3.54500008e+01, 0., -1.45442896e+01, 3.55000000e+01, 0.,
    -1.45156898e+01, 3.55499992e+01, 0., -1.44783096e+01, 3.55999985e+01,
    0., -1.44475498e+01, 3.56500015e+01, 0., -1.44098701e+01,
    3.57000008e+01, 0., -1.43799105e+01, 3.57500000e+01, 0.,
    -1.43416901e+01, 3.57999992e+01, 0., -1.43030596e+01, 3.58499985e+01,
    0., -1.42716198e+01, 3.59000015e+01, 0., -1.42308102e+01,
    3.59500008e+01, 0., -1.41964102e+01, 36., 0., -1.41567097e+01,
    3.60499992e+01, 0., -1.41267500e+01, 3.60999985e+01, 0.,
    -1.40900402e+01, 3.61500015e+01, 0., -1.40534601e+01, 3.62000008e+01,
    0., -1.40241804e+01, 3.62500000e+01, 0., -1.39897900e+01,
    3.62999992e+01, 0., -1.39649496e+01, 3.63499985e+01, 0.,
    -1.39318895e+01, 3.64000015e+01, 0., -1.38979597e+01, 3.64500008e+01,
    0., -1.38724403e+01, 3.65000000e+01, 0., -1.38386402e+01,
    3.65499992e+01, 0., -1.38093996e+01, 3.65999985e+01, 0.,
    -1.37756701e+01, 3.66500015e+01, 0., -1.37501898e+01, 3.67000008e+01,
    0., -1.37139196e+01, 3.67500000e+01, 0., -1.36769304e+01,
    3.67999992e+01, 0., -1.36485300e+01, 3.68499985e+01, 0.,
    -1.36144400e+01, 3.69000015e+01, 0., -1.35889997e+01, 3.69500008e+01,
    0., -1.35571404e+01, 37., 0., -1.35317001e+01, 3.70499992e+01, 0.,
    -1.35005598e+01, 3.70999985e+01, 0., -1.34692602e+01, 3.71500015e+01,
    0., -1.34431000e+01, 3.72000008e+01, 0., -1.34129000e+01,
    3.72500000e+01, 0., -1.33918200e+01, 3.72999992e+01, 0.,
    -1.33619604e+01, 3.73499985e+01, 0., -1.33307400e+01, 3.74000015e+01,
    0., -1.33089800e+01, 3.74500008e+01, 0., -1.32795496e+01,
    3.75000000e+01, 0., -1.32534704e+01, 3.75499992e+01, 0.,
    -1.32230196e+01, 3.75999985e+01, 0., -1.31998196e+01, 3.76500015e+01,
    0., -1.31707602e+01, 3.77000008e+01, 0., -1.31415300e+01,
    3.77500000e+01, 0., -1.31176100e+01, 3.77999992e+01, 0.,
    -1.30864296e+01, 3.78499985e+01, 0., -1.30600300e+01, 3.79000015e+01,
    0., -1.30331402e+01, 3.79500008e+01, 0., -1.30073996e+01, 38., 0.,
    -1.29856796e+01, 3.80499992e+01, 0., -1.29599199e+01, 3.80999985e+01,
    0., -1.29410801e+01, 3.81500015e+01, 0., -1.29137802e+01,
    3.82000008e+01, 0., -1.28850002e+01, 3.82500000e+01, 0.,
    -1.28654804e+01, 3.82999992e+01, 0., -1.28410101e+01, 3.83499985e+01,
    0., -1.28214903e+01, 3.84000015e+01, 0., -1.27964897e+01,
    3.84500008e+01, 0., -1.27762499e+01, 3.85000000e+01, 0.,
    -1.27480297e+01, 3.85499992e+01, 0., -1.27191801e+01, 3.85999985e+01,
