%YAML:1.0
---
scan_line: [ 1.87999992e+01, 0., -2.32892704e+01, 1.88500004e+01, 0.,
    -2.32762699e+01, 1.88999996e+01, 0., -2.32652092e+01, 1.89500008e+01,
    0., -2.32592106e+01, 19., 0., -2.32524300e+01, 1.90499992e+01, 0.,
    -2.32466202e+01, 1.91000004e+01, 0., -2.32444592e+01, 1.91499996e+01,
    0., -2.32562695e+01, 1.92000008e+01, 0., -2.32810707e+01,
    1.92500000e+01, 0., -2.32727509e+01, 1.92999992e+01, 0.,
    -2.32569008e+01, 1.93500004e+01, 0., -2.32377796e+01, 1.93999996e+01,
    0., -2.32151909e+01, 1.94500008e+01, 0., -2.31978302e+01,
    1.95000000e+01, 0., -2.31620693e+01, 1.95499992e+01, 0.,
    -2.31307106e+01, 1.96000004e+01, 0., -2.30584393e+01, 1.96499996e+01,
    0., -2.29940395e+01, 1.97000008e+01, 0., -2.29173298e+01,
    1.97500000e+01, 0., -2.28580894e+01, 1.97999992e+01, 0.,
    -2.27842598e+01, 1.98500004e+01, 0., -2.27253799e+01, 1.98999996e+01,
    0., -2.26508808e+01, 1.99500008e+01, 0., -2.25902805e+01, 20., 0.,
    -2.25128593e+01, 2.00499992e+01, 0., -2.24456196e+01, 2.01000004e+01,
    0., -2.23623104e+01, 2.01499996e+01, 0., -2.22981892e+01,
    2.02000008e+01, 0., -2.22340698e+01, 2.02500000e+01, 0.,
    -2.21643105e+01, 2.02999992e+01, 0., -2.21105900e+01, 2.03500004e+01,
    0., -2.20309296e+01, 2.03999996e+01, 0., -2.19605293e+01,
    2.04500008e+01, 0., -2.18804893e+01, 2.05000000e+01, 0.,
    -2.18208103e+01, 2.05499992e+01, 0., -2.17479706e+01, 2.06000004e+01,
    0., -2.16918507e+01, 2.06499996e+01, 0., -2.16229591e+01,
    2.07000008e+01, 0., -2.15694008e+01, 2.07500000e+01, 0.,
    -2.15007496e+01, 2.07999992e+01, 0., -2.14405899e+01, 2.08500004e+01,
    0., -2.13645897e+01, 2.08999996e+01, 0., -2.13013496e+01,
    2.09500008e+01, 0., -2.12381096e+01, 21., 0., -2.11723003e+01,
    2.10499992e+01, 0., -2.11223793e+01, 2.11000004e+01, 0.,
    -2.10531406e+01, 2.11499996e+01, 0., -2.09964600e+01, 2.12000008e+01,
    0., -2.09330902e+01, 2.12500000e+01, 0., -2.08839302e+01,
    2.12999992e+01, 0., -2.08169003e+01, 2.13500004e+01, 0.,
    -2.07603397e+01, 2.13999996e+01, 0., -2.06875706e+01, 2.14500008e+01,
    0., -2.06283302e+01, 2.15000000e+01, 0., -2.05587692e+01,
    2.15499992e+01, 0., -2.05055294e+01, 2.16000004e+01, 0.,
    -2.04404202e+01, 2.16499996e+01, 0., -2.03901005e+01, 2.17000008e+01,
    0., -2.03244705e+01, 2.17500000e+01, 0., -2.02688293e+01,
    2.17999992e+01, 0., -2.02022400e+01, 2.18500004e+01, 0.,
    -2.01526794e+01, 2.18999996e+01, 0., -2.00879707e+01, 2.19500008e+01,
    0., -2.00330505e+01, 22., 0., -1.99643993e+01, 2.20499992e+01, 0.,
    -1.99095192e+01, 2.21000004e+01, 0., -1.98451099e+01, 2.21499996e+01,
    0., -1.97987499e+01, 2.22000008e+01, 0., -1.97394695e+01,
    2.22500000e+01, 0., -1.96879902e+01, 2.22999992e+01, 0.,
    -1.96242409e+01, 2.23500004e+01, 0., -1.95753994e+01, 2.23999996e+01,
    0., -1.95150204e+01, 2.24500008e+01, 0., -1.94676208e+01,
    2.25000000e+01, 0., -1.94069996e+01, 2.25499992e+01, 0.,
    -1.93569603e+01, 2.26000004e+01, 0., -1.92950096e+01, 2.26499996e+01,
    0., -1.92463303e+01, 2.27000008e+01, 0., -1.91847496e+01,
    2.27500000e+01, 0., -1.91347504e+01, 2.27999992e+01, 0.,
    -1.90745506e+01, 2.28500004e+01, 0., -1.90292301e+01, 2.28999996e+01,
    0., -1.89736004e+01, 2.29500008e+01, 0., -1.89303207e+01, 23., 0.,
    -1.88755207e+01, 2.30499992e+01, 0., -1.88309193e+01, 2.31000004e+01,
    0., -1.87734795e+01, 2.31499996e+01, 0., -1.87255592e+01,
    2.32000008e+01, 0., -1.86660194e+01, 2.32500000e+01, 0.,
    -1.86188202e+01, 2.32999992e+01, 0., -1.85597992e+01, 2.33500004e+01,
    0., -1.85126400e+01, 2.33999996e+01, 0., -1.84552002e+01,
    2.34500008e+01, 0., -1.84111595e+01, 2.35000000e+01, 0.,
    -1.83542805e+01, 2.35499992e+01, 0., -1.83078403e+01, 2.36000004e+01,
    0., -1.82542801e+01, 2.36499996e+01, 0., -1.82138805e+01,
    2.37000008e+01, 0., -1.81577797e+01, 2.37500000e+01, 0.,
    -1.81100197e+01, 2.37999992e+01, 0., -1.80527992e+01, 2.38500004e+01,
    0., -1.80083599e+01, 2.38999996e+01, 0., -1.79520302e+01,
    2.39500008e+01, 0., -1.79065895e+01, 24., 0., -1.78588009e+01,
    2.40499992e+01, 0., -1.78223991e+01, 2.41000004e+01, 0.,
    -1.77688808e+01, 2.41499996e+01, 0., -1.77244797e+01, 2.42000008e+01,
    0., -1.76731396e+01, 2.42500000e+01, 0., -1.76215096e+01,
    2.42999992e+01, 0., -1.75758305e+01, 2.43500004e+01, 0.,
    -1.75213509e+01, 2.43999996e+01, 0., -1.74863491e+01, 2.44500008e+01,
    0., -1.74396305e+01, 2.45000000e+01, 0., -1.73928299e+01,
    2.45499992e+01, 0., -1.73398609e+01, 2.46000004e+01, 0.,
    -1.73042603e+01, 2.46499996e+01, 0., -1.72530708e+01, 2.47000008e+01,
    0., -1.72041092e+01, 2.47500000e+01, 0., -1.71519699e+01,
    2.47999992e+01, 0., -1.71151295e+01, 2.48500004e+01, 0.,
    -1.70665092e+01, 2.48999996e+01, 0., -1.70263500e+01, 2.49500008e+01,
    0., -1.69779091e+01, 25., 0., -1.69401894e+01, 2.50499992e+01, 0.,
    -1.68892307e+01, 2.51000004e+01, 0., -1.68477497e+01, 2.51499996e+01,
    0., -1.67982101e+01, 2.52000008e+01, 0., -1.67511501e+01,
    2.52500000e+01, 0., -1.67196693e+01, 2.52999992e+01, 0.,
    -1.66776199e+01, 2.53500004e+01, 0., -1.66355000e+01, 2.53999996e+01,
    0., -1.65861797e+01, 2.54500008e+01, 0., -1.65507793e+01,
    2.55000000e+01, 0., -1.65031204e+01, 2.55499992e+01, 0.,
    -1.64610004e+01, 2.56000004e+01, 0., -1.64147797e+01, 2.56499996e+01,
    0., -1.63813000e+01, 2.57000008e+01, 0., -1.63334599e+01,
    2.57500000e+01, 0., -1.62920609e+01, 2.57999992e+01, 0.,
    -1.62462006e+01, 2.58500004e+01, 0., -1.62021198e+01, 2.58999996e+01,
    0., -1.61679592e+01, 2.59500008e+01, 0., -1.61240101e+01, 26., 0.,
    -1.60849705e+01, 2.60499992e+01, 0., -1.60405502e+01, 2.61000004e+01,
    0., -1.60103893e+01, 2.61499996e+01, 0., -1.59675198e+01,
    2.62000008e+01, 0., -1.59271202e+01, 2.62500000e+01, 0.,
    -1.58803902e+01, 2.62999992e+01, 0., -1.58450298e+01, 2.63500004e+01,
    0., -1.58060198e+01, 2.63999996e+01, 0., -1.57758999e+01,
    2.64500008e+01, 0., -1.57302599e+01, 2.65000000e+01, 0.,
    -1.56834898e+01, 2.65499992e+01, 0., -1.56488895e+01, 2.66000004e+01,
    0., -1.56072302e+01, 2.66499996e+01, 0., -1.55758305e+01,
    2.67000008e+01, 0., -1.55343800e+01, 2.67500000e+01, 0.,
    -1.54985800e+01, 2.67999992e+01, 0., -1.54558697e+01, 2.68500004e+01,
    0., -1.54228296e+01, 2.68999996e+01, 0., -1.53792601e+01,
    2.69500008e+01, 0., -1.53360205e+01, 27., 0., -1.53042202e+01,
    2.70499992e+01, 0., -1.52637997e+01, 2.71000004e+01, 0.,
    -1.52293196e+01, 2.71499996e+01, 0., -1.51847897e+01, 2.72000008e+01,
    0., -1.51475496e+01, 2.72500000e+01, 0., -1.51073799e+01,
    2.72999992e+01, 0., -1.50787001e+01, 2.73500004e+01, 0.,
    -1.50406799e+01, 2.73999996e+01, 0., -1.50091600e+01, 2.74500008e+01,
    0., -1.49676800e+01, 2.75000000e+01, 0., -1.49261799e+01,
    2.75499992e+01, 0., -1.48947001e+01, 2.76000004e+01, 0.,
    -1.48556499e+01, 2.76499996e+01, 0., -1.48248901e+01, 2.77000008e+01,
    0., -1.47860804e+01, 2.77500000e+01, 0., -1.47548800e+01,
    2.77999992e+01, 0., -1.47151003e+01, 2.78500004e+01, 0.,
    -1.46828604e+01, 2.78999996e+01, 0., -1.46447496e+01, 2.79500008e+01,
    0., -1.46066103e+01, 28., 0., -1.45743704e+01, 2.80499992e+01, 0.,
    -1.45358896e+01, 2.81000004e+01, 0., -1.45072899e+01, 2.81499996e+01,
    0., -1.44709902e+01, 2.82000008e+01, 0., -1.44416704e+01,
    2.82500000e+01, 0., -1.44076700e+01, 2.82999992e+01, 0.,
    -1.43810301e+01, 2.83500004e+01, 0., -1.43450203e+01, 2.83999996e+01,
    0., -1.43089800e+01, 2.84500008e+01, 0., -1.42819405e+01,
    2.85000000e+01, 0., -1.42462997e+01, 2.85499992e+01, 0.,
    -1.42156601e+01, 2.86000004e+01, 0., -1.41779003e+01, 2.86499996e+01,
    0., -1.41479797e+01, 2.87000008e+01, 0., -1.41112604e+01,
    2.87500000e+01, 0., -1.40738602e+01, 2.87999992e+01, 0.,
    -1.40410604e+01, 2.88500004e+01, 0., -1.40022402e+01, 2.88999996e+01,
    0., -1.39737997e+01, 2.89500008e+01, 0., -1.39382000e+01, 29., 0.,
