%YAML:1.0
---
scan_line: [ 7.65500031e+01, 0., -2.33412991e+01, 7.65999985e+01, 0.,
    -2.33315392e+01, 7.66500015e+01, 0., -2.33263397e+01, 7.66999969e+01,
    0., -2.33156605e+01, 7.67500000e+01, 0., -2.33049393e+01,
    7.68000031e+01, 0., -2.33006191e+01, 7.68499985e+01, 0.,
    -2.32990608e+01, 7.69000015e+01, 0., -2.32984200e+01, 7.69499969e+01,
    0., -2.32995396e+01, 77., 0., -2.33072891e+01, 7.70500031e+01, 0.,
    -2.33305702e+01, 7.70999985e+01, 0., -2.33457909e+01, 7.71500015e+01,
    0., -2.33413105e+01, 7.71999969e+01, 0., -2.33339005e+01,
    7.72500000e+01, 0., -2.33256798e+01, 7.73000031e+01, 0.,
    -2.33204403e+01, 7.73499985e+01, 0., -2.33134499e+01, 7.74000015e+01,
    0., -2.33074493e+01, 7.74499969e+01, 0., -2.32999401e+01,
    7.75000000e+01, 0., -2.32922306e+01, 7.75500031e+01, 0.,
    -2.32854309e+01, 7.75999985e+01, 0., -2.32745399e+01, 7.76500015e+01,
    0., -2.32645798e+01, 7.76999969e+01, 0., -2.32438393e+01,
    7.77500000e+01, 0., -2.32144794e+01, 7.78000031e+01, 0.,
    -2.31831207e+01, 7.78499985e+01, 0., -2.31165791e+01, 7.79000015e+01,
    0., -2.30487804e+01, 7.79499969e+01, 0., -2.29836197e+01, 78., 0.,
    -2.29192791e+01, 7.80500031e+01, 0., -2.28630009e+01, 7.80999985e+01,
    0., -2.27914391e+01, 7.81500015e+01, 0., -2.27185097e+01,
    7.81999969e+01, 0., -2.26584301e+01, 7.82500000e+01, 0.,
    -2.25869007e+01, 7.83000031e+01, 0., -2.25340195e+01, 7.83499985e+01,
    0., -2.24594193e+01, 7.84000015e+01, 0., -2.23808193e+01,
    7.84499969e+01, 0., -2.23232193e+01, 7.85000000e+01, 0.,
    -2.22503204e+01, 7.85500031e+01, 0., -2.21909599e+01, 7.85999985e+01,
    0., -2.21233101e+01, 7.86500015e+01, 0., -2.20556297e+01,
    7.86999969e+01, 0., -2.19963894e+01, 7.87500000e+01, 0.,
    -2.19272099e+01, 7.88000031e+01, 0., -2.18745308e+01, 7.88499985e+01,
    0., -2.18094902e+01, 7.89000015e+01, 0., -2.17425709e+01,
    7.89499969e+01, 0., -2.16823692e+01, 79., 0., -2.16168003e+01,
    7.90500031e+01, 0., -2.15695591e+01, 7.90999985e+01, 0.,
    -2.14983807e+01, 7.91500015e+01, 0., -2.14283295e+01, 7.91999969e+01,
    0., -2.13772907e+01, 7.92500000e+01, 0., -2.13053303e+01,
    7.93000031e+01, 0., -2.12310791e+01, 7.93499985e+01, 0.,
    -2.11816406e+01, 7.94000015e+01, 0., -2.11166801e+01, 7.94499969e+01,
    0., -2.10610008e+01, 7.95000000e+01, 0., -2.09984398e+01,
    7.95500031e+01, 0., -2.09354897e+01, 7.95999985e+01, 0.,
    -2.08781700e+01, 7.96500015e+01, 0., -2.08136806e+01, 7.96999969e+01,
    0., -2.07659206e+01, 7.97500000e+01, 0., -2.06993504e+01,
    7.98000031e+01, 0., -2.06364002e+01, 7.98499985e+01, 0.,
    -2.05924797e+01, 7.99000015e+01, 0., -2.05301609e+01, 7.99499969e+01,
    0., -2.04648800e+01, 80., 0., -2.04186802e+01, 8.00500031e+01, 0.,
    -2.03575993e+01, 8.00999985e+01, 0., -2.03048000e+01, 8.01500015e+01,
    0., -2.02446709e+01, 8.01999969e+01, 0., -2.01841106e+01,
    8.02500000e+01, 0., -2.01296692e+01, 8.03000031e+01, 0.,
    -2.00695095e+01, 8.03499985e+01, 0., -2.00256691e+01, 8.04000015e+01,
    0., -1.99619999e+01, 8.04499969e+01, 0., -1.99017105e+01,
    8.05000000e+01, 0., -1.98601894e+01, 8.05500031e+01, 0.,
    -1.98063793e+01, 8.05999985e+01, 0., -1.97527199e+01, 8.06500015e+01,
    0., -1.97142391e+01, 8.06999969e+01, 0., -1.96624603e+01,
    8.07500000e+01, 0., -1.96167393e+01, 8.08000031e+01, 0.,
    -1.95607700e+01, 8.08499985e+01, 0., -1.95039597e+01, 8.09000015e+01,
    0., -1.94548397e+01, 8.09499969e+01, 0., -1.93963394e+01, 81., 0.,
    -1.93511391e+01, 8.10500031e+01, 0., -1.92924595e+01, 8.10999985e+01,
    0., -1.92358303e+01, 8.11500015e+01, 0., -1.91936703e+01,
    8.11999969e+01, 0., -1.91390705e+01, 8.12500000e+01, 0.,
    -1.90845699e+01, 8.13000031e+01, 0., -1.90454903e+01, 8.13499985e+01,
    0., -1.89912109e+01, 8.14000015e+01, 0., -1.89413700e+01,
    8.14499969e+01, 0., -1.88850994e+01, 8.15000000e+01, 0.,
    -1.88307991e+01, 8.15500031e+01, 0., -1.87879601e+01, 8.15999985e+01,
    0., -1.87337093e+01, 8.16500015e+01, 0., -1.86807594e+01,
    8.16999969e+01, 0., -1.86440392e+01, 8.17500000e+01, 0.,
    -1.85936909e+01, 8.18000031e+01, 0., -1.85482101e+01, 8.18499985e+01,
    0., -1.84993591e+01, 8.19000015e+01, 0., -1.84496593e+01,
    8.19499969e+01, 0., -1.84007797e+01, 82., 0., -1.83403797e+01,
    8.20500031e+01, 0., -1.82840195e+01, 8.20999985e+01, 0.,
    -1.82503395e+01, 8.21500015e+01, 0., -1.82049103e+01, 8.21999969e+01,
    0., -1.81645908e+01, 8.22500000e+01, 0., -1.81222897e+01,
    8.23000031e+01, 0., -1.80791492e+01, 8.23499985e+01, 0.,
    -1.80354309e+01, 8.24000015e+01, 0., -1.79894295e+01, 8.24499969e+01,
    0., -1.79573097e+01, 8.25000000e+01, 0., -1.79099903e+01,
    8.25500031e+01, 0., -1.78582706e+01, 8.25999985e+01, 0.,
    -1.78137894e+01, 8.26500015e+01, 0., -1.77668591e+01, 8.26999969e+01,
    0., -1.77212696e+01, 8.27500000e+01, 0., -1.76821098e+01,
    8.28000031e+01, 0., -1.76350708e+01, 8.28499985e+01, 0.,
    -1.75985107e+01, 8.29000015e+01, 0., -1.75527897e+01, 8.29499969e+01,
    0., -1.75044708e+01, 83., 0., -1.74627895e+01, 8.30500031e+01, 0.,
    -1.74158993e+01, 8.30999985e+01, 0., -1.73702908e+01, 8.31500015e+01,
    0., -1.73337708e+01, 8.31999969e+01, 0., -1.72842293e+01,
    8.32500000e+01, 0., -1.72347908e+01, 8.33000031e+01, 0.,
    -1.72035904e+01, 8.33499985e+01, 0., -1.71627407e+01, 8.34000015e+01,
    0., -1.71279392e+01, 8.34499969e+01, 0., -1.70850296e+01,
    8.35000000e+01, 0., -1.70411091e+01, 8.35500031e+01, 0.,
    -1.70020695e+01, 8.35999985e+01, 0., -1.69545593e+01, 8.36500015e+01,
    0., -1.69085197e+01, 8.36999969e+01, 0., -1.68736801e+01,
    8.37500000e+01, 0., -1.68305302e+01, 8.38000031e+01, 0.,
    -1.67966099e+01, 8.38499985e+01, 0., -1.67524300e+01, 8.39000015e+01,
    0., -1.67071209e+01, 8.39499969e+01, 0., -1.66700001e+01, 84., 0.,
    -1.66233902e+01, 8.40500031e+01, 0., -1.65782795e+01, 8.40999985e+01,
    0., -1.65471592e+01, 8.41500015e+01, 0., -1.65059605e+01,
    8.41999969e+01, 0., -1.64703598e+01, 8.42500000e+01, 0.,
    -1.64292908e+01, 8.43000031e+01, 0., -1.63903008e+01, 8.43499985e+01,
    0., -1.63606606e+01, 8.44000015e+01, 0., -1.63164806e+01,
    8.44499969e+01, 0., -1.62686405e+01, 8.45000000e+01, 0.,
    -1.62338009e+01, 8.45500031e+01, 0., -1.61945705e+01, 8.45999985e+01,
    0., -1.61655293e+01, 8.46500015e+01, 0., -1.61198997e+01,
    8.46999969e+01, 0., -1.60745506e+01, 8.47500000e+01, 0.,
    -1.60414295e+01, 8.48000031e+01, 0., -1.60042706e+01, 8.48499985e+01,
    0., -1.59658098e+01, 8.49000015e+01, 0., -1.59276896e+01,
    8.49499969e+01, 0., -1.58845997e+01, 85., 0., -1.58460798e+01,
    8.50500031e+01, 0., -1.58202801e+01, 8.50999985e+01, 0.,
    -1.57835798e+01, 8.51500015e+01, 0., -1.57489405e+01, 8.51999969e+01,
    0., -1.57082195e+01, 8.52500000e+01, 0., -1.56709204e+01,
    8.53000031e+01, 0., -1.56443996e+01, 8.53499985e+01, 0.,
    -1.56077604e+01, 8.54000015e+01, 0., -1.55681400e+01, 8.54499969e+01,
    0., -1.55343399e+01, 8.55000000e+01, 0., -1.54981003e+01,
    8.55500031e+01, 0., -1.54723797e+01, 8.55999985e+01, 0.,
    -1.54356499e+01, 8.56500015e+01, 0., -1.53952303e+01, 8.56999969e+01,
    0., -1.53597898e+01, 8.57500000e+01, 0., -1.53230400e+01,
    8.58000031e+01, 0., -1.52875500e+01, 8.58499985e+01, 0.,
    -1.52573500e+01, 8.59000015e+01, 0., -1.52215099e+01, 8.59499969e+01,
    0., -1.51864595e+01, 86., 0., -1.51570196e+01, 8.60500031e+01, 0.,
    -1.51215296e+01, 8.60999985e+01, 0., -1.50947304e+01, 8.61500015e+01,
    0., -1.50545502e+01, 8.61999969e+01, 0., -1.50158701e+01,
    8.62500000e+01, 0., -1.49887505e+01, 8.63000031e+01, 0.,
    -1.49532900e+01, 8.63499985e+01, 0., -1.49169397e+01, 8.64000015e+01,
    0., -1.48885803e+01, 8.64499969e+01, 0., -1.48551702e+01,
    8.65000000e+01, 0., -1.48296099e+01, 8.65500031e+01, 0.,
    -1.47923098e+01, 8.65999985e+01, 0., -1.47548904e+01, 8.66500015e+01,
    0., -1.47264900e+01, 8.66999969e+01, 0., -1.46926403e+01,
    8.67500000e+01, 0., -1.46616001e+01, 8.68000031e+01, 0.,
