%YAML:1.0
---
scan_line: [ 1.00000001e-01, 0., -8.88759995e+00, 1.50000006e-01, 0.,
    -8.88675976e+00, 2.00000003e-01, 0., -8.88554001e+00, 2.50000000e-01,
    0., -8.88467979e+00, 3.00000012e-01, 0., -8.88451958e+00,
    3.49999994e-01, 0., -8.88348007e+00, 4.00000006e-01, 0.,
    -8.88261986e+00, 4.49999988e-01, 0., -8.88245964e+00, 5.00000000e-01,
    0., -8.88348961e+00, 5.50000012e-01, 0., -8.88484955e+00,
    6.00000024e-01, 0., -8.88469028e+00, 6.49999976e-01, 0.,
    -8.88508987e+00, 6.99999988e-01, 0., -8.88547993e+00, 7.50000000e-01,
    0., -8.88463974e+00, 8.00000012e-01, 0., -8.88393021e+00,
    8.50000024e-01, 0., -8.88381004e+00, 8.99999976e-01, 0.,
    -8.88276005e+00, 9.49999988e-01, 0., -8.88278961e+00, 1., 0.,
    -8.88422966e+00, 1.04999995e+00, 0., -8.88589001e+00, 1.10000002e+00,
    0., -8.88829994e+00, 1.14999998e+00, 0., -8.89297962e+00,
    1.20000005e+00, 0., -8.89885998e+00, 1.25000000e+00, 0.,
    -8.90371037e+00, 1.29999995e+00, 0., -8.90431023e+00, 1.35000002e+00,
    0., -8.90631008e+00, 1.39999998e+00, 0., -8.90810966e+00,
    1.45000005e+00, 0., -8.90635014e+00, 1.50000000e+00, 0.,
    -8.90534019e+00, 1.54999995e+00, 0., -8.90522003e+00, 1.60000002e+00,
    0., -8.90419006e+00, 1.64999998e+00, 0., -8.90258026e+00,
    1.70000005e+00, 0., -8.90081978e+00, 1.75000000e+00, 0.,
    -8.89951038e+00, 1.79999995e+00, 0., -8.89863014e+00, 1.85000002e+00,
    0., -8.89850998e+00, 1.89999998e+00, 0., -8.90192986e+00,
    1.95000005e+00, 0., -8.90682983e+00, 2., 0., -8.90746975e+00,
    2.04999995e+00, 0., -8.90832043e+00, 2.09999990e+00, 0.,
    -8.91038990e+00, 2.15000010e+00, 0., -8.91594982e+00, 2.20000005e+00,
    0., -8.92187023e+00, 2.25000000e+00, 0., -8.92603016e+00,
    2.29999995e+00, 0., -8.93107033e+00, 2.34999990e+00, 0.,
    -8.93441963e+00, 2.40000010e+00, 0., -8.93517971e+00, 2.45000005e+00,
    0., -8.93698978e+00, 2.50000000e+00, 0., -8.93937969e+00,
    2.54999995e+00, 0., -8.94178009e+00, 2.59999990e+00, 0.,
    -8.94561958e+00, 2.65000010e+00, 0., -8.94948006e+00, 2.70000005e+00,
    0., -8.95232010e+00, 2.75000000e+00, 0., -8.95800972e+00,
    2.79999995e+00, 0., -8.96395016e+00, 2.84999990e+00, 0.,
    -8.96475029e+00, 2.90000010e+00, 0., -8.96883965e+00, 2.95000005e+00,
    0., -8.97451973e+00, 3., 0., -8.97776031e+00, 3.04999995e+00, 0.,
    -8.98122025e+00, 3.09999990e+00, 0., -8.98509979e+00, 3.15000010e+00,
    0., -8.99073982e+00, 3.20000005e+00, 0., -8.99623013e+00,
    3.25000000e+00, 0., -8.99975014e+00, 3.29999995e+00, 0.,
    -9.00469017e+00, 3.34999990e+00, 0., -9.00973988e+00, 3.40000010e+00,
    0., -9.01373959e+00, 3.45000005e+00, 0., -9.01797962e+00,
    3.50000000e+00, 0., -9.02311993e+00, 3.54999995e+00, 0.,
    -9.02851963e+00, 3.59999990e+00, 0., -9.03470993e+00, 3.65000010e+00,
    0., -9.04193974e+00, 3.70000005e+00, 0., -9.04918003e+00,
    3.75000000e+00, 0., -9.05498981e+00, 3.79999995e+00, 0.,
    -9.06040001e+00, 3.84999990e+00, 0., -9.06519985e+00, 3.90000010e+00,
    0., -9.07201004e+00, 3.95000005e+00, 0., -9.07761002e+00, 4., 0.,
    -9.08032990e+00, 4.05000019e+00, 0., -9.08403969e+00, 4.09999990e+00,
    0., -9.08817005e+00, 4.15000010e+00, 0., -9.09208965e+00,
    4.19999981e+00, 0., -9.09764004e+00, 4.25000000e+00, 0.,
    -9.10359001e+00, 4.30000019e+00, 0., -9.10830975e+00, 4.34999990e+00,
    0., -9.11485004e+00, 4.40000010e+00, 0., -9.12164021e+00,
    4.44999981e+00, 0., -9.12635994e+00, 4.50000000e+00, 0.,
    -9.13169956e+00, 4.55000019e+00, 0., -9.13743973e+00, 4.59999990e+00,
    0., -9.14459991e+00, 4.65000010e+00, 0., -9.15237999e+00,
    4.69999981e+00, 0., -9.15886974e+00, 4.75000000e+00, 0.,
    -9.16230965e+00, 4.80000019e+00, 0., -9.16769028e+00, 4.84999990e+00,
    0., -9.17329025e+00, 4.90000010e+00, 0., -9.18111992e+00,
    4.94999981e+00, 0., -9.18957043e+00, 5., 0., -9.19676971e+00,
    5.05000019e+00, 0., -9.21045971e+00, 5.09999990e+00, 0.,
    -9.22340012e+00, 5.15000010e+00, 0., -9.23143959e+00, 5.19999981e+00,
    0., -9.24149990e+00, 5.25000000e+00, 0., -9.25078011e+00,
    5.30000019e+00, 0., -9.25718021e+00, 5.34999990e+00, 0.,
    -9.26358986e+00, 5.40000010e+00, 0., -9.27083969e+00, 5.44999981e+00,
    0., -9.27803993e+00, 5.50000000e+00, 0., -9.28384018e+00,
    5.55000019e+00, 0., -9.28967953e+00, 5.59999990e+00, 0.,
    -9.29528046e+00, 5.65000010e+00, 0., -9.30313015e+00, 5.69999981e+00,
    0., -9.31040955e+00, 5.75000000e+00, 0., -9.31521034e+00,
    5.80000019e+00, 0., -9.32046032e+00, 5.84999990e+00, 0.,
    -9.32831955e+00, 5.90000010e+00, 0., -9.33800030e+00, 5.94999981e+00,
    0., -9.34768963e+00, 6., 0., -9.35674953e+00, 6.05000019e+00, 0.,
    -9.36398983e+00, 6.09999990e+00, 0., -9.37304020e+00, 6.15000010e+00,
    0., -9.38241005e+00, 6.19999981e+00, 0., -9.39021015e+00,
    6.25000000e+00, 0., -9.40100956e+00, 6.30000019e+00, 0.,
    -9.41170025e+00, 6.34999990e+00, 0., -9.41969967e+00, 6.40000010e+00,
    0., -9.42895031e+00, 6.44999981e+00, 0., -9.43960953e+00,
    6.50000000e+00, 0., -9.45005035e+00, 6.55000019e+00, 0.,
    -9.46068954e+00, 6.59999990e+00, 0., -9.47154045e+00, 6.65000010e+00,
    0., -9.48114014e+00, 6.69999981e+00, 0., -9.49236012e+00,
    6.75000000e+00, 0., -9.50457954e+00, 6.80000019e+00, 0.,
    -9.51578045e+00, 6.84999990e+00, 0., -9.52659988e+00, 6.90000010e+00,
    0., -9.53701973e+00, 6.94999981e+00, 0., -9.54582024e+00, 7., 0.,
    -9.55688953e+00, 7.05000019e+00, 0., -9.56789970e+00, 7.09999990e+00,
    0., -9.57662010e+00, 7.15000010e+00, 0., -9.58771992e+00,
    7.19999981e+00, 0., -9.59801960e+00, 7.25000000e+00, 0.,
    -9.60529995e+00, 7.30000019e+00, 0., -9.61765957e+00, 7.34999990e+00,
    0., -9.62922001e+00, 7.40000010e+00, 0., -9.63650036e+00,
    7.44999981e+00, 0., -9.64725971e+00, 7.50000000e+00, 0.,
    -9.65723038e+00, 7.55000019e+00, 0., -9.66370964e+00, 7.59999990e+00,
    0., -9.67671967e+00, 7.65000010e+00, 0., -9.69054031e+00,
    7.69999981e+00, 0., -9.70110035e+00, 7.75000000e+00, 0.,
    -9.71512985e+00, 7.80000019e+00, 0., -9.72974014e+00, 7.84999990e+00,
    0., -9.74182034e+00, 7.90000010e+00, 0., -9.75706005e+00,
    7.94999981e+00, 0., -9.77068996e+00, 8., 0., -9.77960968e+00,
    8.05000019e+00, 0., -9.79082012e+00, 8.10000038e+00, 0.,
    -9.80282021e+00, 8.14999962e+00, 0., -9.81338024e+00, 8.19999981e+00,
    0., -9.83028030e+00, 8.25000000e+00, 0., -9.84537983e+00,
    8.30000019e+00, 0., -9.85863972e+00, 8.35000038e+00, 0.,
    -9.86927986e+00, 8.39999962e+00, 0., -9.88199997e+00, 8.44999981e+00,
    0., -9.89472961e+00, 8.50000000e+00, 0., -9.90620995e+00,
    8.55000019e+00, 0., -9.92175007e+00, 8.60000038e+00, 0.,
    -9.93747997e+00, 8.64999962e+00, 0., -9.94816017e+00, 8.69999981e+00,
    0., -9.96154022e+00, 8.75000000e+00, 0., -9.97492981e+00,
    8.80000019e+00, 0., -9.98561001e+00, 8.85000038e+00, 0.,
    -9.99839973e+00, 8.89999962e+00, 0., -1.00111599e+01, 8.94999981e+00,
    0., -1.00226803e+01, 9., 0., -1.00377197e+01, 9.05000019e+00, 0.,
    -1.00533800e+01, 9.10000038e+00, 0., -1.00664997e+01, 9.14999962e+00,
    0., -1.00823498e+01, 9.19999981e+00, 0., -1.00987797e+01,
    9.25000000e+00, 0., -1.01150198e+01, 9.30000019e+00, 0.,
    -1.01306400e+01, 9.35000038e+00, 0., -1.01446896e+01, 9.39999962e+00,
    0., -1.01554098e+01, 9.44999981e+00, 0., -1.01696301e+01,
    9.50000000e+00, 0., -1.01828403e+01, 9.55000019e+00, 0.,
    -1.01918802e+01, 9.60000038e+00, 0., -1.02048302e+01, 9.64999962e+00,
    0., -1.02186203e+01, 9.69999981e+00, 0., -1.02300997e+01,
    9.75000000e+00, 0., -1.02469397e+01, 9.80000019e+00, 0.,
    -1.02652102e+01, 9.85000038e+00, 0., -1.02807703e+01, 9.89999962e+00,
    0., -1.02994003e+01, 9.94999981e+00, 0., -1.03170204e+01, 10., 0.,
    -1.03301802e+01, 1.00500002e+01, 0., -1.03442001e+01, 1.01000004e+01,
    0., -1.03594198e+01, 1.01499996e+01, 0., -1.03764601e+01,
    1.01999998e+01, 0., -1.03871403e+01, 1.02500000e+01, 0.,
    -1.04005098e+01, 1.03000002e+01, 0., -1.04144697e+01, 1.03500004e+01,
