%YAML:1.0
---
scan_line: [ 1.51999998e+01, 0., -3.16437006e+00, 1.52500000e+01, 0.,
    -3.08512998e+00, 1.53500004e+01, 0., -2.78179002e+00, 1.53999996e+01,
    0., -2.61918998e+00, 1.54499998e+01, 0., -2.45658994e+00,
    1.55500002e+01, 0., -2.13971996e+00, 1.56000004e+01, 0.,
    -2.07543993e+00, 1.56499996e+01, 0., -2.01130009e+00, 1.56999998e+01,
    0., -1.97946000e+00, 1.57500000e+01, 0., -1.88227999e+00,
    1.58000002e+01, 0., -1.73572004e+00, 1.58500004e+01, 0.,
    -1.58915997e+00, 1.58999996e+01, 0., -1.44260001e+00, 1.59499998e+01,
    0., -1.27041996e+00, 16., 0., -1.16822004e+00, 1.60499992e+01, 0.,
    -1.06602001e+00, 1.61000004e+01, 0., -9.32529986e-01, 1.61499996e+01,
    0., -8.22690010e-01, 1.62000008e+01, 0., -7.12849975e-01,
    1.62500000e+01, 0., -5.85569978e-01, 1.62999992e+01, 0.,
    -4.89170015e-01, 1.63500004e+01, 0., -3.92769992e-01, 1.63999996e+01,
    0., -2.64400005e-01, 1.64500008e+01, 0., -1.57519996e-01,
    1.65000000e+01, 0., -2.72000004e-02, 1.65499992e+01, 0.,
    6.64400011e-02, 1.66000004e+01, 0., 1.60080001e-01, 1.66499996e+01,
    0., 2.80990005e-01, 1.67000008e+01, 0., 3.89950007e-01,
    1.67500000e+01, 0., 4.98910010e-01, 1.67999992e+01, 0.,
    6.20169997e-01, 1.68500004e+01, 0., 7.09209979e-01, 1.68999996e+01,
    0., 7.98250020e-01, 1.69500008e+01, 0., 9.23179984e-01, 17., 0.,
    1.02582002e+00, 1.70499992e+01, 0., 1.15249002e+00, 1.71000004e+01,
    0., 1.24825001e+00, 1.71499996e+01, 0., 1.34401000e+00,
    1.72000008e+01, 0., 1.45921004e+00, 1.72500000e+01, 0.,
    1.54596996e+00, 1.72999992e+01, 0., 1.65014005e+00, 1.73500004e+01,
    0., 1.71941996e+00, 1.73999996e+01, 0., 1.78869998e+00,
    1.74500008e+01, 0., 1.88862002e+00, 1.75000000e+01, 0.,
    1.97122002e+00, 1.75499992e+01, 0., 2.07498002e+00, 1.76000004e+01,
    0., 2.15842009e+00, 1.76499996e+01, 0., 2.24185991e+00,
    1.77000008e+01, 0., 2.34809995e+00, 1.77500000e+01, 0.,
    2.43341994e+00, 1.77999992e+01, 0., 2.53850007e+00, 1.78500004e+01,
    0., 2.62165999e+00, 1.78999996e+01, 0., 2.72066998e+00,
    1.79500008e+01, 0., 2.78366995e+00, 18., 0., 2.86742997e+00,
    1.80499992e+01, 0., 2.95030999e+00, 1.81000004e+01, 0.,
    3.03319001e+00, 1.81499996e+01, 0., 3.13246989e+00, 1.82000008e+01,
    0., 3.21103001e+00, 1.82500000e+01, 0., 3.30873990e+00,
    1.82999992e+01, 0., 3.38617992e+00, 1.83500004e+01, 0.,
    3.48323011e+00, 1.83999996e+01, 0., 3.56163001e+00, 1.84500008e+01,
    0., 3.64002991e+00, 1.85000000e+01, 0., 3.71915007e+00,
    1.85499992e+01, 0., 3.77863002e+00, 1.86000004e+01, 0.,
    3.86013007e+00, 1.86499996e+01, 0., 3.92909002e+00, 1.87000008e+01,
    0., 4.01788998e+00, 1.87500000e+01, 0., 4.09029007e+00,
    1.87999992e+01, 0., 4.18030977e+00, 1.88500004e+01, 0.,
    4.25162983e+00, 1.88999996e+01, 0., 4.34157991e+00, 1.89500008e+01,
    0., 4.41590023e+00, 19., 0., 4.49022007e+00, 1.90499992e+01, 0.,
    4.57917976e+00, 1.91000004e+01, 0., 4.64953995e+00, 1.91499996e+01,
    0., 4.72473001e+00, 1.92000008e+01, 0., 4.78228998e+00,
    1.92500000e+01, 0., 4.85681009e+00, 1.92999992e+01, 0.,
    4.91689014e+00, 1.93500004e+01, 0., 5.00172997e+00, 1.93999996e+01,
    0., 5.07472992e+00, 1.94500008e+01, 0., 5.15858984e+00,
    1.95000000e+01, 0., 5.22163010e+00, 1.95499992e+01, 0.,
    5.29826021e+00, 1.96000004e+01, 0., 5.35678005e+00, 1.96499996e+01,
    0., 5.42850018e+00, 1.97000008e+01, 0., 5.48409986e+00,
    1.97500000e+01, 0., 5.56159019e+00, 1.97999992e+01, 0.,
    5.63315010e+00, 1.98500004e+01, 0., 5.71490002e+00, 1.98999996e+01,
    0., 5.77097988e+00, 1.99500008e+01, 0., 5.84465981e+00, 20., 0.,
    5.91489983e+00, 2.00499992e+01, 0., 5.99958992e+00, 2.01000004e+01,
    0., 6.05723000e+00, 2.01499996e+01, 0., 6.12987995e+00,
    2.02000008e+01, 0., 6.18972015e+00, 2.02500000e+01, 0.,
    6.26366997e+00, 2.02999992e+01, 0., 6.32003021e+00, 2.03500004e+01,
    0., 6.38764000e+00, 2.03999996e+01, 0., 6.43255997e+00,
    2.04500008e+01, 0., 6.49230003e+00, 2.05000000e+01, 0.,
    6.55145979e+00, 2.05499992e+01, 0., 6.62446022e+00, 2.06000004e+01,
    0., 6.67954016e+00, 2.06499996e+01, 0., 6.75045013e+00,
    2.07000008e+01, 0., 6.81361008e+00, 2.07500000e+01, 0.,
    6.88966990e+00, 2.07999992e+01, 0., 6.94690990e+00, 2.08500004e+01,
    0., 7.01738024e+00, 2.08999996e+01, 0., 7.07238007e+00,
    2.09500008e+01, 0., 7.14082003e+00, 21., 0., 7.19513988e+00,
    2.10499992e+01, 0., 7.26330996e+00, 2.11000004e+01, 0.,
    7.31815004e+00, 2.11499996e+01, 0., 7.38639021e+00, 2.12000008e+01,
    0., 7.44058990e+00, 2.12500000e+01, 0., 7.50833988e+00,
    2.12999992e+01, 0., 7.56237984e+00, 2.13500004e+01, 0.,
    7.62535000e+00, 2.13999996e+01, 0., 7.67327023e+00, 2.14500008e+01,
    0., 7.73440981e+00, 2.15000000e+01, 0., 7.78396988e+00,
    2.15499992e+01, 0., 7.84587002e+00, 2.16000004e+01, 0.,
    7.89530993e+00, 2.16499996e+01, 0., 7.96162987e+00, 2.17000008e+01,
    0., 8.01558971e+00, 2.17500000e+01, 0., 8.07686996e+00,
    2.17999992e+01, 0., 8.12458992e+00, 2.18500004e+01, 0.,
    8.18770981e+00, 2.18999996e+01, 0., 8.25024033e+00, 2.19500008e+01,
    0., 8.29563999e+00, 22., 0., 8.35515022e+00, 2.20499992e+01, 0.,
    8.41131020e+00, 2.21000004e+01, 0., 8.47476006e+00, 2.21499996e+01,
    0., 8.51727962e+00, 2.22000008e+01, 0., 8.57542038e+00,
    2.22500000e+01, 0., 8.62782001e+00, 2.22999992e+01, 0.,
    8.68729019e+00, 2.23500004e+01, 0., 8.73165035e+00, 2.23999996e+01,
    0., 8.79156971e+00, 2.24500008e+01, 0., 8.84189034e+00,
    2.25000000e+01, 0., 8.90437031e+00, 2.25499992e+01, 0.,
    8.96465969e+00, 2.26000004e+01, 0., 9.00601959e+00, 2.26499996e+01,
    0., 9.05860043e+00, 2.27000008e+01, 0., 9.10348034e+00,
    2.27500000e+01, 0., 9.16044998e+00, 2.27999992e+01, 0.,
    9.20705032e+00, 2.28500004e+01, 0., 9.26492023e+00, 2.28999996e+01,
    0., 9.31075954e+00, 2.29500008e+01, 0., 9.37339020e+00, 23., 0.,
    9.42630959e+00, 2.30499992e+01, 0., 9.48252964e+00, 2.31000004e+01,
    0., 9.52544975e+00, 2.31499996e+01, 0., 9.58148956e+00,
    2.32000008e+01, 0., 9.63761997e+00, 2.32500000e+01, 0.,
    9.68093967e+00, 2.32999992e+01, 0., 9.73661041e+00, 2.33500004e+01,
    0., 9.78297043e+00, 2.33999996e+01, 0., 9.83786964e+00,
    2.34500008e+01, 0., 9.88014984e+00, 2.35000000e+01, 0.,
    9.93045998e+00, 2.35499992e+01, 0., 9.96926022e+00, 2.36000004e+01,
    0., 1.00195704e+01, 2.36499996e+01, 0., 1.00698605e+01,
    2.37000008e+01, 0., 1.01085796e+01, 2.37500000e+01, 0.,
    1.01620102e+01, 2.37999992e+01, 0., 1.02106504e+01, 2.38500004e+01,
    0., 1.02654200e+01, 2.38999996e+01, 0., 1.03059797e+01,
    2.39500008e+01, 0., 1.03570805e+01, 24., 0., 1.03979998e+01,
    2.40499992e+01, 0., 1.04488297e+01, 2.41000004e+01, 0.,
    1.05011702e+01, 2.41499996e+01, 0., 1.05484104e+01, 2.42000008e+01,
    0., 1.06062403e+01, 2.42500000e+01, 0., 1.06509600e+01,
    2.42999992e+01, 0., 1.07045698e+01, 2.43500004e+01, 0.,
    1.07462101e+01, 2.43999996e+01, 0., 1.07913704e+01, 2.44500008e+01,
    0., 1.08360701e+01, 2.45000000e+01, 0., 1.08757095e+01,
    2.45499992e+01, 0., 1.09247303e+01, 2.46000004e+01, 0.,
    1.09632902e+01, 2.46499996e+01, 0., 1.10123796e+01, 2.47000008e+01,
    0., 1.10526199e+01, 2.47500000e+01, 0., 1.11019697e+01,
    2.47999992e+01, 0., 1.11505203e+01, 2.48500004e+01, 0.,
    1.11890001e+01, 2.48999996e+01, 0., 1.12336502e+01, 2.49500008e+01,
    0., 1.12652102e+01, 25., 0., 1.13103600e+01, 2.50499992e+01, 0.,
    1.13495197e+01, 2.51000004e+01, 0., 1.13964701e+01, 2.51499996e+01,
    0., 1.14438696e+01, 2.52000008e+01, 0., 1.14849100e+01,
    2.52500000e+01, 0., 1.15333405e+01, 2.52999992e+01, 0.,
    1.15685396e+01, 2.53500004e+01, 0., 1.16146297e+01, 2.53999996e+01,
    0., 1.16525497e+01, 2.54500008e+01, 0., 1.16965799e+01,
    2.55000000e+01, 0., 1.17400103e+01, 2.55499992e+01, 0.,
    1.17754097e+01, 2.56000004e+01, 0., 1.18185997e+01, 2.56499996e+01,
    0., 1.18518400e+01, 2.57000008e+01, 0., 1.18973503e+01,
