%YAML:1.0
---
scan_line: [ 6.84499969e+01, 0., -9.85778046e+00, 6.85000000e+01, 0.,
    -9.80778027e+00, 6.85500031e+01, 0., -9.64737988e+00, 6.85999985e+01,
    0., -9.45720959e+00, 6.86500015e+01, 0., -9.28820992e+00,
    6.86999969e+01, 0., -9.07217979e+00, 6.87500000e+01, 0.,
    -8.88405991e+00, 6.88000031e+01, 0., -8.69067955e+00, 6.88499985e+01,
    0., -8.58619976e+00, 6.89000015e+01, 0., -8.42131042e+00,
    6.89499969e+01, 0., -8.27118969e+00, 69., 0., -8.05140018e+00,
    6.90500031e+01, 0., -7.84642982e+00, 6.90999985e+01, 0.,
    -7.75575018e+00, 6.91500015e+01, 0., -7.57327986e+00, 6.91999969e+01,
    0., -7.34443998e+00, 6.92500000e+01, 0., -7.14385986e+00,
    6.93000031e+01, 0., -7.02901983e+00, 6.93499985e+01, 0.,
    -6.87166977e+00, 6.94000015e+01, 0., -6.71682978e+00, 6.94499969e+01,
    0., -6.61211014e+00, 6.95000000e+01, 0., -6.47712994e+00,
    6.95500031e+01, 0., -6.36432981e+00, 6.95999985e+01, 0.,
    -6.19790983e+00, 6.96500015e+01, 0., -6.05131006e+00, 6.96999969e+01,
    0., -5.89178991e+00, 6.97500000e+01, 0., -5.73948002e+00,
    6.98000031e+01, 0., -5.62167978e+00, 6.98499985e+01, 0.,
    -5.47796011e+00, 6.99000015e+01, 0., -5.36723995e+00, 6.99499969e+01,
    0., -5.24961996e+00, 70., 0., -5.13328981e+00, 7.00500031e+01, 0.,
    -5.02764988e+00, 7.00999985e+01, 0., -4.89396000e+00, 7.01500015e+01,
    0., -4.78503990e+00, 7.01999969e+01, 0., -4.65613985e+00,
    7.02500000e+01, 0., -4.53375006e+00, 7.03000031e+01, 0.,
    -4.44090986e+00, 7.03499985e+01, 0., -4.32261992e+00, 7.04000015e+01,
    0., -4.22529984e+00, 7.04499969e+01, 0., -4.10835981e+00,
    7.05000000e+01, 0., -3.99503994e+00, 7.05500031e+01, 0.,
    -3.91215992e+00, 7.05999985e+01, 0., -3.79988003e+00, 7.06500015e+01,
    0., -3.69975996e+00, 7.06999969e+01, 0., -3.59328008e+00,
    7.07500000e+01, 0., -3.48937988e+00, 7.08000031e+01, 0.,
    -3.39949989e+00, 7.08499985e+01, 0., -3.29870009e+00, 7.09000015e+01,
    0., -3.22422004e+00, 7.09499969e+01, 0., -3.11346006e+00, 71., 0.,
    -3.00405002e+00, 7.10500031e+01, 0., -2.92349005e+00, 7.10999985e+01,
    0., -2.82526994e+00, 7.11500015e+01, 0., -2.73084998e+00,
    7.11999969e+01, 0., -2.66205001e+00, 7.12500000e+01, 0.,
    -2.57002997e+00, 7.13000031e+01, 0., -2.48922992e+00, 7.13499985e+01,
    0., -2.39841008e+00, 7.14000015e+01, 0., -2.30864000e+00,
    7.14499969e+01, 0., -2.23196006e+00, 7.15000000e+01, 0.,
    -2.14281988e+00, 7.15500031e+01, 0., -2.07509995e+00, 7.15999985e+01,
    0., -1.98465002e+00, 7.16500015e+01, 0., -1.89467001e+00,
    7.16999969e+01, 0., -1.82499003e+00, 7.17500000e+01, 0.,
    -1.73977995e+00, 7.18000031e+01, 0., -1.65499997e+00, 7.18499985e+01,
    0., -1.58472002e+00, 7.19000015e+01, 0., -1.50247002e+00,
    7.19499969e+01, 0., -1.43966997e+00, 72., 0., -1.35845995e+00,
    7.20500031e+01, 0., -1.27762997e+00, 7.20999985e+01, 0.,
    -1.21427000e+00, 7.21500015e+01, 0., -1.13120997e+00, 7.21999969e+01,
    0., -1.04657996e+00, 7.22500000e+01, 0., -9.82060015e-01,
    7.23000031e+01, 0., -9.08949971e-01, 7.23499985e+01, 0.,
    -8.54550004e-01, 7.24000015e+01, 0., -7.76470006e-01, 7.24499969e+01,
    0., -6.93250000e-01, 7.25000000e+01, 0., -6.23489976e-01,
    7.25500031e+01, 0., -5.49040020e-01, 7.25999985e+01, 0.,
    -4.77100015e-01, 7.26500015e+01, 0., -4.17340010e-01, 7.26999969e+01,
    0., -3.47849995e-01, 7.27500000e+01, 0., -2.82480001e-01,
    7.28000031e+01, 0., -2.32280001e-01, 7.28499985e+01, 0.,
    -1.65539995e-01, 7.29000015e+01, 0., -1.07460000e-01, 7.29499969e+01,
    0., -3.17899995e-02, 73., 0., 4.38599996e-02, 7.30500031e+01, 0.,
    1.03419997e-01, 7.30999985e+01, 0., 1.62369996e-01, 7.31500015e+01,
    0., 2.20709994e-01, 7.31999969e+01, 0., 2.77909994e-01,
    7.32500000e+01, 0., 3.47110003e-01, 7.33000031e+01, 0.,
    4.14200008e-01, 7.33499985e+01, 0., 4.66199994e-01, 7.34000015e+01,
    0., 5.33789992e-01, 7.34499969e+01, 0., 5.90910017e-01,
    7.35000000e+01, 0., 6.52329981e-01, 7.35500031e+01, 0.,
    7.13559985e-01, 7.35999985e+01, 0., 7.65280008e-01, 7.36500015e+01,
    0., 8.26780021e-01, 7.36999969e+01, 0., 8.86839986e-01,
    7.37500000e+01, 0., 9.34000015e-01, 7.38000031e+01, 0.,
    9.97430027e-01, 7.38499985e+01, 0., 1.06340003e+00, 7.39000015e+01,
    0., 1.11495996e+00, 7.39499969e+01, 0., 1.17481005e+00, 74., 0.,
    1.23135996e+00, 7.40500031e+01, 0., 1.27576005e+00, 7.40999985e+01,
    0., 1.32986999e+00, 7.41500015e+01, 0., 1.37143004e+00,
    7.41999969e+01, 0., 1.43182003e+00, 7.42500000e+01, 0.,
    1.49117005e+00, 7.43000031e+01, 0., 1.53492999e+00, 7.43499985e+01,
    0., 1.59430003e+00, 7.44000015e+01, 0., 1.64943004e+00,
    7.44499969e+01, 0., 1.68702996e+00, 7.45000000e+01, 0.,
    1.74386001e+00, 7.45500031e+01, 0., 1.80624998e+00, 7.45999985e+01,
    0., 1.85297000e+00, 7.46500015e+01, 0., 1.91153002e+00,
    7.46999969e+01, 0., 1.96955001e+00, 7.47500000e+01, 0.,
    2.01395011e+00, 7.48000031e+01, 0., 2.07002997e+00, 7.48499985e+01,
    0., 2.12608004e+00, 7.49000015e+01, 0., 2.16964006e+00,
    7.49499969e+01, 0., 2.22754002e+00, 75., 0., 2.27798009e+00,
    7.50500031e+01, 0., 2.33117008e+00, 7.50999985e+01, 0.,
    2.37955999e+00, 7.51500015e+01, 0., 2.41556001e+00, 7.51999969e+01,
    0., 2.46135998e+00, 7.52500000e+01, 0., 2.50661993e+00,
    7.53000031e+01, 0., 2.54182005e+00, 7.53499985e+01, 0.,
    2.58473992e+00, 7.54000015e+01, 0., 2.62842011e+00, 7.54499969e+01,
    0., 2.66669989e+00, 7.55000000e+01, 0., 2.71622992e+00,
    7.55500031e+01, 0., 2.76682997e+00, 7.55999985e+01, 0.,
    2.80734992e+00, 7.56500015e+01, 0., 2.85566998e+00, 7.56999969e+01,
    0., 2.90357995e+00, 7.57500000e+01, 0., 2.94553995e+00,
    7.58000031e+01, 0., 2.99511003e+00, 7.58499985e+01, 0.,
    3.04278994e+00, 7.59000015e+01, 0., 3.08090997e+00, 7.59499969e+01,
    0., 3.12859988e+00, 76., 0., 3.17478991e+00, 7.60500031e+01, 0.,
    3.20683002e+00, 7.60999985e+01, 0., 3.24728990e+00, 7.61500015e+01,
    0., 3.28012991e+00, 7.61999969e+01, 0., 3.32418990e+00,
    7.62500000e+01, 0., 3.36859989e+00, 7.63000031e+01, 0.,
    3.40364003e+00, 7.63499985e+01, 0., 3.44817996e+00, 7.64000015e+01,
    0., 3.49099994e+00, 7.64499969e+01, 0., 3.52300000e+00,
    7.65000000e+01, 0., 3.56827998e+00, 7.65500031e+01, 0.,
    3.61480999e+00, 7.65999985e+01, 0., 3.65200996e+00, 7.66500015e+01,
    0., 3.69561005e+00, 7.66999969e+01, 0., 3.73916006e+00,
    7.67500000e+01, 0., 3.77487993e+00, 7.68000031e+01, 0.,
    3.82026005e+00, 7.68499985e+01, 0., 3.86321998e+00, 7.69000015e+01,
    0., 3.89441991e+00, 7.69499969e+01, 0., 3.93628001e+00, 77., 0.,
    3.97919011e+00, 7.70500031e+01, 0., 4.01110983e+00, 7.70999985e+01,
    0., 4.05157995e+00, 7.71500015e+01, 0., 4.09202003e+00,
    7.71999969e+01, 0., 4.12313986e+00, 7.72500000e+01, 0.,
    4.15984011e+00, 7.73000031e+01, 0., 4.19483995e+00, 7.73499985e+01,
    0., 4.22219992e+00, 7.74000015e+01, 0., 4.25644016e+00,
    7.74499969e+01, 0., 4.29197979e+00, 7.75000000e+01, 0.,
    4.32454014e+00, 7.75500031e+01, 0., 4.36414003e+00, 7.75999985e+01,
    0., 4.40281010e+00, 7.76500015e+01, 0., 4.43312979e+00,
    7.76999969e+01, 0., 4.47269011e+00, 7.77500000e+01, 0.,
    4.51316023e+00, 7.78000031e+01, 0., 4.54491997e+00, 7.78499985e+01,
    0., 4.58409023e+00, 7.79000015e+01, 0., 4.62325001e+00,
    7.79499969e+01, 0., 4.65569019e+00, 78., 0., 4.69183016e+00,
    7.80500031e+01, 0., 4.72522020e+00, 7.80999985e+01, 0.,
    4.75250006e+00, 7.81500015e+01, 0., 4.78713989e+00, 7.81999969e+01,
    0., 4.82198000e+00, 7.82500000e+01, 0., 4.84925985e+00,
    7.83000031e+01, 0., 4.88286018e+00, 7.83499985e+01, 0.,
    4.91624022e+00, 7.84000015e+01, 0., 4.94348001e+00, 7.84499969e+01,
    0., 4.97502995e+00, 7.85000000e+01, 0., 4.99890995e+00,
    7.85500031e+01, 0., 5.02999020e+00, 7.85999985e+01, 0.,
    5.06095982e+00, 7.86500015e+01, 0., 5.08527994e+00, 7.86999969e+01,
    0., 5.11788988e+00, 7.87500000e+01, 0., 5.15178013e+00,
    7.88000031e+01, 0., 5.17978001e+00, 7.88499985e+01, 0.,
