%YAML:1.0
---
scan_line: [ 1.60000002e+00, 0., -7.84076977e+00, 1.64999998e+00, 0.,
    -7.80557013e+00, 1.70000005e+00, 0., -7.74460983e+00, 1.75000000e+00,
    0., -7.68689013e+00, 1.79999995e+00, 0., -7.61767006e+00,
    1.85000002e+00, 0., -7.57203007e+00, 1.89999998e+00, 0.,
    -7.50486994e+00, 1.95000005e+00, 0., -7.41886997e+00, 2., 0.,
    -7.33287001e+00, 2.04999995e+00, 0., -7.23370981e+00, 2.09999990e+00,
    0., -7.16443014e+00, 2.15000010e+00, 0., -7.09514999e+00,
    2.20000005e+00, 0., -7.01224995e+00, 2.25000000e+00, 0.,
    -6.94673014e+00, 2.29999995e+00, 0., -6.86950016e+00, 2.34999990e+00,
    0., -6.81021976e+00, 2.40000010e+00, 0., -6.73127985e+00,
    2.45000005e+00, 0., -6.66232014e+00, 2.50000000e+00, 0.,
    -6.59335995e+00, 2.54999995e+00, 0., -6.51227999e+00, 2.59999990e+00,
    0., -6.44852018e+00, 2.65000010e+00, 0., -6.36789989e+00,
    2.70000005e+00, 0., -6.30238008e+00, 2.75000000e+00, 0.,
    -6.22265005e+00, 2.79999995e+00, 0., -6.16613007e+00, 2.84999990e+00,
    0., -6.10961008e+00, 2.90000010e+00, 0., -6.03844023e+00,
    2.95000005e+00, 0., -5.98144007e+00, 3., 0., -5.90799999e+00,
    3.04999995e+00, 0., -5.84812021e+00, 3.09999990e+00, 0.,
    -5.79000998e+00, 3.15000010e+00, 0., -5.76373005e+00, 3.20000005e+00,
    0., -5.70660019e+00, 3.25000000e+00, 0., -5.63176012e+00,
    3.29999995e+00, 0., -5.55692005e+00, 3.34999990e+00, 0.,
    -5.46884012e+00, 3.40000010e+00, 0., -5.39955997e+00, 3.45000005e+00,
    0., -5.31864023e+00, 3.50000000e+00, 0., -5.26071978e+00,
    3.54999995e+00, 0., -5.19942999e+00, 3.59999990e+00, 0.,
    -5.18598986e+00, 3.65000010e+00, 0., -5.14742994e+00, 3.70000005e+00,
    0., -5.10499001e+00, 3.75000000e+00, 0., -5.03626013e+00,
    3.79999995e+00, 0., -4.96246004e+00, 3.84999990e+00, 0.,
    -4.88152981e+00, 3.90000010e+00, 0., -4.85337019e+00, 3.95000005e+00,
    0., -4.81576014e+00, 4., 0., -4.77795982e+00, 4.05000019e+00, 0.,
    -4.72574997e+00, 4.09999990e+00, 0., -4.66831017e+00, 4.15000010e+00,
    0., -4.59952021e+00, 4.19999981e+00, 0., -4.55444002e+00,
    4.25000000e+00, 0., -4.49818993e+00, 4.30000019e+00, 0.,
    -4.45367002e+00, 4.34999990e+00, 0., -4.40915012e+00, 4.40000010e+00,
    0., -4.35656023e+00, 4.44999981e+00, 0., -4.31515980e+00,
    4.50000000e+00, 0., -4.26277018e+00, 4.55000019e+00, 0.,
    -4.22076988e+00, 4.59999990e+00, 0., -4.16319990e+00, 4.65000010e+00,
    0., -4.11619997e+00, 4.69999981e+00, 0., -4.06057978e+00,
    4.75000000e+00, 0., -4.01673985e+00, 4.80000019e+00, 0.,
    -3.96981001e+00, 4.84999990e+00, 0., -3.93385005e+00, 4.90000010e+00,
    0., -3.87826991e+00, 4.94999981e+00, 0., -3.82424998e+00, 5., 0.,
    -3.79440999e+00, 5.05000019e+00, 0., -3.75529003e+00, 5.09999990e+00,
    0., -3.71832991e+00, 5.15000010e+00, 0., -3.67262006e+00,
    5.19999981e+00, 0., -3.63678002e+00, 5.25000000e+00, 0.,
    -3.59280992e+00, 5.30000019e+00, 0., -3.55872989e+00, 5.34999990e+00,
    0., -3.51506996e+00, 5.40000010e+00, 0., -3.47886992e+00,
    5.44999981e+00, 0., -3.43288994e+00, 5.50000000e+00, 0.,
    -3.39580989e+00, 5.55000019e+00, 0., -3.35419989e+00, 5.59999990e+00,
    0., -3.32347989e+00, 5.65000010e+00, 0., -3.28779006e+00,
    5.69999981e+00, 0., -3.25983000e+00, 5.75000000e+00, 0.,
    -3.22619009e+00, 5.80000019e+00, 0., -3.19009995e+00, 5.84999990e+00,
    0., -3.15253997e+00, 5.90000010e+00, 0., -3.10757995e+00,
    5.94999981e+00, 0., -3.07821989e+00, 6., 0., -3.04492998e+00,
    6.05000019e+00, 0., -3.02240992e+00, 6.09999990e+00, 0.,
    -2.97995996e+00, 6.15000010e+00, 0., -2.93844008e+00, 6.19999981e+00,
    0., -2.89893007e+00, 6.25000000e+00, 0., -2.86984992e+00,
    6.30000019e+00, 0., -2.83193994e+00, 6.34999990e+00, 0.,
    -2.79553008e+00, 6.40000010e+00, 0., -2.77237010e+00, 6.44999981e+00,
    0., -2.74167991e+00, 6.50000000e+00, 0., -2.71512008e+00,
    6.55000019e+00, 0., -2.68547010e+00, 6.59999990e+00, 0.,
    -2.66367006e+00, 6.65000010e+00, 0., -2.62838006e+00, 6.69999981e+00,
    0., -2.59218001e+00, 6.75000000e+00, 0., -2.56681991e+00,
    6.80000019e+00, 0., -2.53562999e+00, 6.84999990e+00, 0.,
    -2.51255012e+00, 6.90000010e+00, 0., -2.48029995e+00, 6.94999981e+00,
    0., -2.45054007e+00, 7., 0., -2.41838002e+00, 7.05000019e+00, 0.,
    -2.39533997e+00, 7.09999990e+00, 0., -2.36919999e+00, 7.15000010e+00,
    0., -2.34291005e+00, 7.19999981e+00, 0., -2.31919003e+00,
    7.25000000e+00, 0., -2.28923011e+00, 7.30000019e+00, 0.,
    -2.26495004e+00, 7.34999990e+00, 0., -2.23704004e+00, 7.40000010e+00,
    0., -2.21603990e+00, 7.44999981e+00, 0., -2.19109011e+00,
    7.50000000e+00, 0., -2.16528010e+00, 7.55000019e+00, 0.,
    -2.14088011e+00, 7.59999990e+00, 0., -2.11295009e+00, 7.65000010e+00,
    0., -2.09375000e+00, 7.69999981e+00, 0., -2.07266998e+00,
    7.75000000e+00, 0., -2.04994988e+00, 7.80000019e+00, 0.,
    -2.02423000e+00, 7.84999990e+00, 0., -1.99512005e+00, 7.90000010e+00,
    0., -1.97552001e+00, 7.94999981e+00, 0., -1.94951999e+00, 8., 0.,
    -1.92799997e+00, 8.05000019e+00, 0., -1.90562999e+00, 8.10000038e+00,
    0., -1.88346004e+00, 8.14999962e+00, 0., -1.86257994e+00,
    8.19999981e+00, 0., -1.84089005e+00, 8.25000000e+00, 0.,
    -1.82597005e+00, 8.30000019e+00, 0., -1.80390000e+00, 8.35000038e+00,
    0., -1.78138006e+00, 8.39999962e+00, 0., -1.76458001e+00,
    8.44999981e+00, 0., -1.74377000e+00, 8.50000000e+00, 0.,
    -1.72748995e+00, 8.55000019e+00, 0., -1.70714998e+00, 8.60000038e+00,
    0., -1.68728995e+00, 8.64999962e+00, 0., -1.67308998e+00,
    8.69999981e+00, 0., -1.65233004e+00, 8.75000000e+00, 0.,
    -1.63224995e+00, 8.80000019e+00, 0., -1.60842001e+00, 8.85000038e+00,
    0., -1.58691001e+00, 8.89999962e+00, 0., -1.57611001e+00,
    8.94999981e+00, 0., -1.55870998e+00, 9., 0., -1.54018998e+00,
    9.05000019e+00, 0., -1.52137995e+00, 9.10000038e+00, 0.,
    -1.50381005e+00, 9.14999962e+00, 0., -1.49032998e+00, 9.19999981e+00,
    0., -1.47286999e+00, 9.25000000e+00, 0., -1.45823002e+00,
    9.30000019e+00, 0., -1.43715000e+00, 9.35000038e+00, 0.,
    -1.41744006e+00, 9.39999962e+00, 0., -1.40820003e+00, 9.44999981e+00,
    0., -1.39344001e+00, 9.50000000e+00, 0., -1.37995994e+00,
    9.55000019e+00, 0., -1.36731994e+00, 9.60000038e+00, 0.,
    -1.35424995e+00, 9.64999962e+00, 0., -1.34209001e+00, 9.69999981e+00,
    0., -1.32729995e+00, 9.75000000e+00, 0., -1.31314003e+00,
    9.80000019e+00, 0., -1.30297995e+00, 9.85000038e+00, 0.,
    -1.29031003e+00, 9.89999962e+00, 0., -1.28023005e+00, 9.94999981e+00,
    0., -1.26566005e+00, 10., 0., -1.25007999e+00, 1.00500002e+01, 0.,
    -1.23619998e+00, 1.01000004e+01, 0., -1.22219002e+00, 1.01499996e+01,
    0., -1.21279001e+00, 1.01999998e+01, 0., -1.20041001e+00,
    1.02500000e+01, 0., -1.18922997e+00, 1.03000002e+01, 0.,
    -1.18186998e+00, 1.03500004e+01, 0., -1.16954994e+00, 1.03999996e+01,
    0., -1.15669000e+00, 1.04499998e+01, 0., -1.15137005e+00,
    1.05000000e+01, 0., -1.14364004e+00, 1.05500002e+01, 0.,
    -1.13696003e+00, 1.06000004e+01, 0., -1.12608004e+00, 1.06499996e+01,
    0., -1.11245000e+00, 1.06999998e+01, 0., -1.09905005e+00,
    1.07500000e+01, 0., -1.08550000e+00, 1.08000002e+01, 0.,
    -1.07466996e+00, 1.08500004e+01, 0., -1.06782997e+00, 1.08999996e+01,
    0., -1.06087995e+00, 1.09499998e+01, 0., -1.05623996e+00, 11., 0.,
    -1.04894996e+00, 1.10500002e+01, 0., -1.04057002e+00, 1.11000004e+01,
    0., -1.03296995e+00, 1.11499996e+01, 0., -1.02577996e+00,
    1.11999998e+01, 0., -1.01935995e+00, 1.12500000e+01, 0.,
    -1.01487994e+00, 1.13000002e+01, 0., -1.01329994e+00, 1.13500004e+01,
    0., -1.01382995e+00, 1.13999996e+01, 0., -1.01242995e+00,
    1.14499998e+01, 0., -1.00721002e+00, 1.15000000e+01, 0.,
    -9.99830008e-01, 1.15500002e+01, 0., -9.94549990e-01, 1.16000004e+01,
    0., -9.85639989e-01, 1.16499996e+01, 0., -9.75759983e-01,
    1.16999998e+01, 0., -9.67239976e-01, 1.17500000e+01, 0.,
    -9.60049987e-01, 1.18000002e+01, 0., -9.54770029e-01, 1.18500004e+01,
